(kicad_pcb (version 20171130) (host pcbnew "(5.1.5)-3")

  (general
    (thickness 1.6)
    (drawings 9)
    (tracks 321)
    (zones 0)
    (modules 48)
    (nets 41)
  )

  (page A4)
  (layers
    (0 F.Cu signal)
    (31 B.Cu signal)
    (32 B.Adhes user)
    (33 F.Adhes user)
    (34 B.Paste user)
    (35 F.Paste user)
    (36 B.SilkS user)
    (37 F.SilkS user)
    (38 B.Mask user)
    (39 F.Mask user)
    (40 Dwgs.User user)
    (41 Cmts.User user)
    (42 Eco1.User user)
    (43 Eco2.User user)
    (44 Edge.Cuts user)
    (45 Margin user)
    (46 B.CrtYd user)
    (47 F.CrtYd user)
    (48 B.Fab user)
    (49 F.Fab user)
  )

  (setup
    (last_trace_width 0.25)
    (trace_clearance 0.2)
    (zone_clearance 0.508)
    (zone_45_only no)
    (trace_min 0.2)
    (via_size 0.8)
    (via_drill 0.4)
    (via_min_size 0.4)
    (via_min_drill 0.3)
    (uvia_size 0.3)
    (uvia_drill 0.1)
    (uvias_allowed no)
    (uvia_min_size 0.2)
    (uvia_min_drill 0.1)
    (edge_width 0.05)
    (segment_width 0.2)
    (pcb_text_width 0.3)
    (pcb_text_size 1.5 1.5)
    (mod_edge_width 0.12)
    (mod_text_size 1 1)
    (mod_text_width 0.15)
    (pad_size 1.524 1.524)
    (pad_drill 0.762)
    (pad_to_mask_clearance 0.051)
    (solder_mask_min_width 0.25)
    (aux_axis_origin 0 0)
    (visible_elements 7FFFFFFF)
    (pcbplotparams
      (layerselection 0x011e0_ffffffff)
      (usegerberextensions false)
      (usegerberattributes false)
      (usegerberadvancedattributes false)
      (creategerberjobfile false)
      (excludeedgelayer true)
      (linewidth 0.100000)
      (plotframeref false)
      (viasonmask false)
      (mode 1)
      (useauxorigin false)
      (hpglpennumber 1)
      (hpglpenspeed 20)
      (hpglpendiameter 15.000000)
      (psnegative false)
      (psa4output false)
      (plotreference true)
      (plotvalue true)
      (plotinvisibletext false)
      (padsonsilk false)
      (subtractmaskfromsilk false)
      (outputformat 1)
      (mirror false)
      (drillshape 0)
      (scaleselection 1)
      (outputdirectory "Gerbers/"))
  )

  (net 0 "")
  (net 1 "Net-(C1-Pad1)")
  (net 2 "Net-(C1-Pad2)")
  (net 3 "Net-(C2-Pad1)")
  (net 4 GND)
  (net 5 "Net-(C4-Pad1)")
  (net 6 "Net-(C4-Pad2)")
  (net 7 "Net-(C5-Pad1)")
  (net 8 "Net-(C5-Pad2)")
  (net 9 "Net-(C6-Pad1)")
  (net 10 "Net-(C7-Pad1)")
  (net 11 "Net-(C8-Pad1)")
  (net 12 "Net-(C10-Pad2)")
  (net 13 "Net-(C10-Pad1)")
  (net 14 "Net-(D1-Pad2)")
  (net 15 "Net-(D1-Pad1)")
  (net 16 "Net-(D3-Pad2)")
  (net 17 "Net-(D5-Pad2)")
  (net 18 "Net-(D7-Pad2)")
  (net 19 "Net-(D8-Pad2)")
  (net 20 "Net-(J1-Pad2)")
  (net 21 "Net-(J2-Pad2)")
  (net 22 "Net-(J2-Pad3)")
  (net 23 "Net-(J3-Pad1)")
  (net 24 "Net-(J3-Pad4)")
  (net 25 "Net-(J4-Pad4)")
  (net 26 "Net-(J4-Pad3)")
  (net 27 "Net-(J4-Pad2)")
  (net 28 "Net-(J4-Pad1)")
  (net 29 "Net-(J5-Pad15)")
  (net 30 "Net-(J5-Pad11)")
  (net 31 "Net-(J5-Pad10)")
  (net 32 "Net-(J5-Pad1)")
  (net 33 "Net-(J6-Pad2)")
  (net 34 "Net-(Q1-Pad2)")
  (net 35 "Net-(Q1-Pad1)")
  (net 36 "Net-(Q3-Pad2)")
  (net 37 "Net-(Q3-Pad3)")
  (net 38 "Net-(R3-Pad2)")
  (net 39 "Net-(R12-Pad2)")
  (net 40 "Net-(R16-Pad1)")

  (net_class Default "This is the default net class."
    (clearance 0.2)
    (trace_width 0.25)
    (via_dia 0.8)
    (via_drill 0.4)
    (uvia_dia 0.3)
    (uvia_drill 0.1)
    (add_net "Net-(C1-Pad1)")
    (add_net "Net-(C1-Pad2)")
    (add_net "Net-(C10-Pad1)")
    (add_net "Net-(C10-Pad2)")
    (add_net "Net-(C2-Pad1)")
    (add_net "Net-(C4-Pad1)")
    (add_net "Net-(C4-Pad2)")
    (add_net "Net-(C5-Pad1)")
    (add_net "Net-(C5-Pad2)")
    (add_net "Net-(C6-Pad1)")
    (add_net "Net-(C7-Pad1)")
    (add_net "Net-(C8-Pad1)")
    (add_net "Net-(D1-Pad1)")
    (add_net "Net-(D1-Pad2)")
    (add_net "Net-(D3-Pad2)")
    (add_net "Net-(D5-Pad2)")
    (add_net "Net-(D7-Pad2)")
    (add_net "Net-(D8-Pad2)")
    (add_net "Net-(J1-Pad2)")
    (add_net "Net-(J2-Pad2)")
    (add_net "Net-(J2-Pad3)")
    (add_net "Net-(J3-Pad1)")
    (add_net "Net-(J3-Pad4)")
    (add_net "Net-(J4-Pad1)")
    (add_net "Net-(J4-Pad2)")
    (add_net "Net-(J4-Pad3)")
    (add_net "Net-(J4-Pad4)")
    (add_net "Net-(J5-Pad11)")
    (add_net "Net-(J5-Pad15)")
    (add_net "Net-(J6-Pad2)")
    (add_net "Net-(Q1-Pad1)")
    (add_net "Net-(Q1-Pad2)")
    (add_net "Net-(Q3-Pad2)")
    (add_net "Net-(Q3-Pad3)")
    (add_net "Net-(R12-Pad2)")
    (add_net "Net-(R16-Pad1)")
    (add_net "Net-(R3-Pad2)")
  )

  (net_class PWR ""
    (clearance 0.3)
    (trace_width 0.5)
    (via_dia 0.8)
    (via_drill 0.4)
    (uvia_dia 0.3)
    (uvia_drill 0.1)
    (add_net GND)
    (add_net "Net-(J5-Pad1)")
    (add_net "Net-(J5-Pad10)")
  )

  (module Capacitors_SMD:C_1210_HandSoldering (layer F.Cu) (tedit 58AA84FB) (tstamp 5F18A7A6)
    (at 16 9 90)
    (descr "Capacitor SMD 1210, hand soldering")
    (tags "capacitor 1210")
    (path /5F17FC94)
    (attr smd)
    (fp_text reference C1 (at -0.02032 2.48666 180) (layer F.SilkS)
      (effects (font (size 1 1) (thickness 0.15)))
    )
    (fp_text value 10uF (at 0 2.5 90) (layer F.Fab)
      (effects (font (size 1 1) (thickness 0.15)))
    )
    (fp_text user %R (at 0 -2.25 90) (layer F.Fab)
      (effects (font (size 1 1) (thickness 0.15)))
    )
    (fp_line (start -1.6 1.25) (end -1.6 -1.25) (layer F.Fab) (width 0.1))
    (fp_line (start 1.6 1.25) (end -1.6 1.25) (layer F.Fab) (width 0.1))
    (fp_line (start 1.6 -1.25) (end 1.6 1.25) (layer F.Fab) (width 0.1))
    (fp_line (start -1.6 -1.25) (end 1.6 -1.25) (layer F.Fab) (width 0.1))
    (fp_line (start 1 -1.48) (end -1 -1.48) (layer F.SilkS) (width 0.12))
    (fp_line (start -1 1.48) (end 1 1.48) (layer F.SilkS) (width 0.12))
    (fp_line (start -3.25 -1.5) (end 3.25 -1.5) (layer F.CrtYd) (width 0.05))
    (fp_line (start -3.25 -1.5) (end -3.25 1.5) (layer F.CrtYd) (width 0.05))
    (fp_line (start 3.25 1.5) (end 3.25 -1.5) (layer F.CrtYd) (width 0.05))
    (fp_line (start 3.25 1.5) (end -3.25 1.5) (layer F.CrtYd) (width 0.05))
    (pad 1 smd rect (at -2 0 90) (size 2 2.5) (layers F.Cu F.Paste F.Mask)
      (net 1 "Net-(C1-Pad1)"))
    (pad 2 smd rect (at 2 0 90) (size 2 2.5) (layers F.Cu F.Paste F.Mask)
      (net 2 "Net-(C1-Pad2)"))
    (model Capacitors_SMD.3dshapes/C_1210.wrl
      (at (xyz 0 0 0))
      (scale (xyz 1 1 1))
      (rotate (xyz 0 0 0))
    )
  )

  (module Capacitors_SMD:C_1210_HandSoldering (layer F.Cu) (tedit 58AA84FB) (tstamp 5F18A7B7)
    (at 28 58 180)
    (descr "Capacitor SMD 1210, hand soldering")
    (tags "capacitor 1210")
    (path /5F2EED10)
    (attr smd)
    (fp_text reference C2 (at 0.00254 2.13614) (layer F.SilkS)
      (effects (font (size 1 1) (thickness 0.15)))
    )
    (fp_text value 100uF (at 0 2.5) (layer F.Fab)
      (effects (font (size 1 1) (thickness 0.15)))
    )
    (fp_text user %R (at 0 -2.25) (layer F.Fab)
      (effects (font (size 1 1) (thickness 0.15)))
    )
    (fp_line (start -1.6 1.25) (end -1.6 -1.25) (layer F.Fab) (width 0.1))
    (fp_line (start 1.6 1.25) (end -1.6 1.25) (layer F.Fab) (width 0.1))
    (fp_line (start 1.6 -1.25) (end 1.6 1.25) (layer F.Fab) (width 0.1))
    (fp_line (start -1.6 -1.25) (end 1.6 -1.25) (layer F.Fab) (width 0.1))
    (fp_line (start 1 -1.48) (end -1 -1.48) (layer F.SilkS) (width 0.12))
    (fp_line (start -1 1.48) (end 1 1.48) (layer F.SilkS) (width 0.12))
    (fp_line (start -3.25 -1.5) (end 3.25 -1.5) (layer F.CrtYd) (width 0.05))
    (fp_line (start -3.25 -1.5) (end -3.25 1.5) (layer F.CrtYd) (width 0.05))
    (fp_line (start 3.25 1.5) (end 3.25 -1.5) (layer F.CrtYd) (width 0.05))
    (fp_line (start 3.25 1.5) (end -3.25 1.5) (layer F.CrtYd) (width 0.05))
    (pad 1 smd rect (at -2 0 180) (size 2 2.5) (layers F.Cu F.Paste F.Mask)
      (net 3 "Net-(C2-Pad1)"))
    (pad 2 smd rect (at 2 0 180) (size 2 2.5) (layers F.Cu F.Paste F.Mask)
      (net 4 GND))
    (model Capacitors_SMD.3dshapes/C_1210.wrl
      (at (xyz 0 0 0))
      (scale (xyz 1 1 1))
      (rotate (xyz 0 0 0))
    )
  )

  (module Capacitors_SMD:C_1210_HandSoldering (layer F.Cu) (tedit 58AA84FB) (tstamp 5F18A7C8)
    (at 28 53 180)
    (descr "Capacitor SMD 1210, hand soldering")
    (tags "capacitor 1210")
    (path /5F18026C)
    (attr smd)
    (fp_text reference C3 (at -0.00254 2.15138) (layer F.SilkS)
      (effects (font (size 1 1) (thickness 0.15)))
    )
    (fp_text value 100uF (at 0 2.5) (layer F.Fab)
      (effects (font (size 1 1) (thickness 0.15)))
    )
    (fp_line (start 3.25 1.5) (end -3.25 1.5) (layer F.CrtYd) (width 0.05))
    (fp_line (start 3.25 1.5) (end 3.25 -1.5) (layer F.CrtYd) (width 0.05))
    (fp_line (start -3.25 -1.5) (end -3.25 1.5) (layer F.CrtYd) (width 0.05))
    (fp_line (start -3.25 -1.5) (end 3.25 -1.5) (layer F.CrtYd) (width 0.05))
    (fp_line (start -1 1.48) (end 1 1.48) (layer F.SilkS) (width 0.12))
    (fp_line (start 1 -1.48) (end -1 -1.48) (layer F.SilkS) (width 0.12))
    (fp_line (start -1.6 -1.25) (end 1.6 -1.25) (layer F.Fab) (width 0.1))
    (fp_line (start 1.6 -1.25) (end 1.6 1.25) (layer F.Fab) (width 0.1))
    (fp_line (start 1.6 1.25) (end -1.6 1.25) (layer F.Fab) (width 0.1))
    (fp_line (start -1.6 1.25) (end -1.6 -1.25) (layer F.Fab) (width 0.1))
    (fp_text user %R (at 0 -2.25) (layer F.Fab)
      (effects (font (size 1 1) (thickness 0.15)))
    )
    (pad 2 smd rect (at 2 0 180) (size 2 2.5) (layers F.Cu F.Paste F.Mask)
      (net 4 GND))
    (pad 1 smd rect (at -2 0 180) (size 2 2.5) (layers F.Cu F.Paste F.Mask)
      (net 3 "Net-(C2-Pad1)"))
    (model Capacitors_SMD.3dshapes/C_1210.wrl
      (at (xyz 0 0 0))
      (scale (xyz 1 1 1))
      (rotate (xyz 0 0 0))
    )
  )

  (module Capacitors_SMD:C_1210_HandSoldering (layer F.Cu) (tedit 58AA84FB) (tstamp 5F18A7D9)
    (at 28 38)
    (descr "Capacitor SMD 1210, hand soldering")
    (tags "capacitor 1210")
    (path /5F1804CC)
    (attr smd)
    (fp_text reference C4 (at 0 -2.25) (layer F.SilkS)
      (effects (font (size 1 1) (thickness 0.15)))
    )
    (fp_text value 0.47uF (at 0 2.5) (layer F.Fab)
      (effects (font (size 1 1) (thickness 0.15)))
    )
    (fp_text user %R (at 0 -2.25) (layer F.Fab)
      (effects (font (size 1 1) (thickness 0.15)))
    )
    (fp_line (start -1.6 1.25) (end -1.6 -1.25) (layer F.Fab) (width 0.1))
    (fp_line (start 1.6 1.25) (end -1.6 1.25) (layer F.Fab) (width 0.1))
    (fp_line (start 1.6 -1.25) (end 1.6 1.25) (layer F.Fab) (width 0.1))
    (fp_line (start -1.6 -1.25) (end 1.6 -1.25) (layer F.Fab) (width 0.1))
    (fp_line (start 1 -1.48) (end -1 -1.48) (layer F.SilkS) (width 0.12))
    (fp_line (start -1 1.48) (end 1 1.48) (layer F.SilkS) (width 0.12))
    (fp_line (start -3.25 -1.5) (end 3.25 -1.5) (layer F.CrtYd) (width 0.05))
    (fp_line (start -3.25 -1.5) (end -3.25 1.5) (layer F.CrtYd) (width 0.05))
    (fp_line (start 3.25 1.5) (end 3.25 -1.5) (layer F.CrtYd) (width 0.05))
    (fp_line (start 3.25 1.5) (end -3.25 1.5) (layer F.CrtYd) (width 0.05))
    (pad 1 smd rect (at -2 0) (size 2 2.5) (layers F.Cu F.Paste F.Mask)
      (net 5 "Net-(C4-Pad1)"))
    (pad 2 smd rect (at 2 0) (size 2 2.5) (layers F.Cu F.Paste F.Mask)
      (net 6 "Net-(C4-Pad2)"))
    (model Capacitors_SMD.3dshapes/C_1210.wrl
      (at (xyz 0 0 0))
      (scale (xyz 1 1 1))
      (rotate (xyz 0 0 0))
    )
  )

  (module Capacitors_SMD:C_1210_HandSoldering (layer F.Cu) (tedit 58AA84FB) (tstamp 5F18A7EA)
    (at 28 16 180)
    (descr "Capacitor SMD 1210, hand soldering")
    (tags "capacitor 1210")
    (path /5F180764)
    (attr smd)
    (fp_text reference C5 (at 0.00254 2.1844) (layer F.SilkS)
      (effects (font (size 1 1) (thickness 0.15)))
    )
    (fp_text value 0.47uF (at 0 2.5) (layer F.Fab)
      (effects (font (size 1 1) (thickness 0.15)))
    )
    (fp_text user %R (at 0 -2.25) (layer F.Fab)
      (effects (font (size 1 1) (thickness 0.15)))
    )
    (fp_line (start -1.6 1.25) (end -1.6 -1.25) (layer F.Fab) (width 0.1))
    (fp_line (start 1.6 1.25) (end -1.6 1.25) (layer F.Fab) (width 0.1))
    (fp_line (start 1.6 -1.25) (end 1.6 1.25) (layer F.Fab) (width 0.1))
    (fp_line (start -1.6 -1.25) (end 1.6 -1.25) (layer F.Fab) (width 0.1))
    (fp_line (start 1 -1.48) (end -1 -1.48) (layer F.SilkS) (width 0.12))
    (fp_line (start -1 1.48) (end 1 1.48) (layer F.SilkS) (width 0.12))
    (fp_line (start -3.25 -1.5) (end 3.25 -1.5) (layer F.CrtYd) (width 0.05))
    (fp_line (start -3.25 -1.5) (end -3.25 1.5) (layer F.CrtYd) (width 0.05))
    (fp_line (start 3.25 1.5) (end 3.25 -1.5) (layer F.CrtYd) (width 0.05))
    (fp_line (start 3.25 1.5) (end -3.25 1.5) (layer F.CrtYd) (width 0.05))
    (pad 1 smd rect (at -2 0 180) (size 2 2.5) (layers F.Cu F.Paste F.Mask)
      (net 7 "Net-(C5-Pad1)"))
    (pad 2 smd rect (at 2 0 180) (size 2 2.5) (layers F.Cu F.Paste F.Mask)
      (net 8 "Net-(C5-Pad2)"))
    (model Capacitors_SMD.3dshapes/C_1210.wrl
      (at (xyz 0 0 0))
      (scale (xyz 1 1 1))
      (rotate (xyz 0 0 0))
    )
  )

  (module Capacitors_SMD:C_1210_HandSoldering (layer F.Cu) (tedit 58AA84FB) (tstamp 5F18A7FB)
    (at 30 64)
    (descr "Capacitor SMD 1210, hand soldering")
    (tags "capacitor 1210")
    (path /5F180AE2)
    (attr smd)
    (fp_text reference C6 (at 0 -2.25) (layer F.SilkS)
      (effects (font (size 1 1) (thickness 0.15)))
    )
    (fp_text value 0.1uF (at 0 2.5) (layer F.Fab)
      (effects (font (size 1 1) (thickness 0.15)))
    )
    (fp_text user %R (at 0 -2.25) (layer F.Fab)
      (effects (font (size 1 1) (thickness 0.15)))
    )
    (fp_line (start -1.6 1.25) (end -1.6 -1.25) (layer F.Fab) (width 0.1))
    (fp_line (start 1.6 1.25) (end -1.6 1.25) (layer F.Fab) (width 0.1))
    (fp_line (start 1.6 -1.25) (end 1.6 1.25) (layer F.Fab) (width 0.1))
    (fp_line (start -1.6 -1.25) (end 1.6 -1.25) (layer F.Fab) (width 0.1))
    (fp_line (start 1 -1.48) (end -1 -1.48) (layer F.SilkS) (width 0.12))
    (fp_line (start -1 1.48) (end 1 1.48) (layer F.SilkS) (width 0.12))
    (fp_line (start -3.25 -1.5) (end 3.25 -1.5) (layer F.CrtYd) (width 0.05))
    (fp_line (start -3.25 -1.5) (end -3.25 1.5) (layer F.CrtYd) (width 0.05))
    (fp_line (start 3.25 1.5) (end 3.25 -1.5) (layer F.CrtYd) (width 0.05))
    (fp_line (start 3.25 1.5) (end -3.25 1.5) (layer F.CrtYd) (width 0.05))
    (pad 1 smd rect (at -2 0) (size 2 2.5) (layers F.Cu F.Paste F.Mask)
      (net 9 "Net-(C6-Pad1)"))
    (pad 2 smd rect (at 2 0) (size 2 2.5) (layers F.Cu F.Paste F.Mask)
      (net 7 "Net-(C5-Pad1)"))
    (model Capacitors_SMD.3dshapes/C_1210.wrl
      (at (xyz 0 0 0))
      (scale (xyz 1 1 1))
      (rotate (xyz 0 0 0))
    )
  )

  (module Capacitors_SMD:C_1210_HandSoldering (layer F.Cu) (tedit 58AA84FB) (tstamp 5F198E65)
    (at 28 21 180)
    (descr "Capacitor SMD 1210, hand soldering")
    (tags "capacitor 1210")
    (path /5F18095E)
    (attr smd)
    (fp_text reference C7 (at -0.00508 2.4638) (layer F.SilkS)
      (effects (font (size 1 1) (thickness 0.15)))
    )
    (fp_text value 0.47uF (at 0 2.5) (layer F.Fab)
      (effects (font (size 1 1) (thickness 0.15)))
    )
    (fp_line (start 3.25 1.5) (end -3.25 1.5) (layer F.CrtYd) (width 0.05))
    (fp_line (start 3.25 1.5) (end 3.25 -1.5) (layer F.CrtYd) (width 0.05))
    (fp_line (start -3.25 -1.5) (end -3.25 1.5) (layer F.CrtYd) (width 0.05))
    (fp_line (start -3.25 -1.5) (end 3.25 -1.5) (layer F.CrtYd) (width 0.05))
    (fp_line (start -1 1.48) (end 1 1.48) (layer F.SilkS) (width 0.12))
    (fp_line (start 1 -1.48) (end -1 -1.48) (layer F.SilkS) (width 0.12))
    (fp_line (start -1.6 -1.25) (end 1.6 -1.25) (layer F.Fab) (width 0.1))
    (fp_line (start 1.6 -1.25) (end 1.6 1.25) (layer F.Fab) (width 0.1))
    (fp_line (start 1.6 1.25) (end -1.6 1.25) (layer F.Fab) (width 0.1))
    (fp_line (start -1.6 1.25) (end -1.6 -1.25) (layer F.Fab) (width 0.1))
    (fp_text user %R (at 0 -2.25) (layer F.Fab)
      (effects (font (size 1 1) (thickness 0.15)))
    )
    (pad 2 smd rect (at 2 0 180) (size 2 2.5) (layers F.Cu F.Paste F.Mask)
      (net 6 "Net-(C4-Pad2)"))
    (pad 1 smd rect (at -2 0 180) (size 2 2.5) (layers F.Cu F.Paste F.Mask)
      (net 10 "Net-(C7-Pad1)"))
    (model Capacitors_SMD.3dshapes/C_1210.wrl
      (at (xyz 0 0 0))
      (scale (xyz 1 1 1))
      (rotate (xyz 0 0 0))
    )
  )

  (module Capacitors_SMD:C_1210_HandSoldering (layer F.Cu) (tedit 58AA84FB) (tstamp 5F18A81D)
    (at 30 69)
    (descr "Capacitor SMD 1210, hand soldering")
    (tags "capacitor 1210")
    (path /5F180C40)
    (attr smd)
    (fp_text reference C8 (at 0 -2.25) (layer F.SilkS)
      (effects (font (size 1 1) (thickness 0.15)))
    )
    (fp_text value 100uF (at 0 2.5) (layer F.Fab)
      (effects (font (size 1 1) (thickness 0.15)))
    )
    (fp_line (start 3.25 1.5) (end -3.25 1.5) (layer F.CrtYd) (width 0.05))
    (fp_line (start 3.25 1.5) (end 3.25 -1.5) (layer F.CrtYd) (width 0.05))
    (fp_line (start -3.25 -1.5) (end -3.25 1.5) (layer F.CrtYd) (width 0.05))
    (fp_line (start -3.25 -1.5) (end 3.25 -1.5) (layer F.CrtYd) (width 0.05))
    (fp_line (start -1 1.48) (end 1 1.48) (layer F.SilkS) (width 0.12))
    (fp_line (start 1 -1.48) (end -1 -1.48) (layer F.SilkS) (width 0.12))
    (fp_line (start -1.6 -1.25) (end 1.6 -1.25) (layer F.Fab) (width 0.1))
    (fp_line (start 1.6 -1.25) (end 1.6 1.25) (layer F.Fab) (width 0.1))
    (fp_line (start 1.6 1.25) (end -1.6 1.25) (layer F.Fab) (width 0.1))
    (fp_line (start -1.6 1.25) (end -1.6 -1.25) (layer F.Fab) (width 0.1))
    (fp_text user %R (at 0 -2.25) (layer F.Fab)
      (effects (font (size 1 1) (thickness 0.15)))
    )
    (pad 2 smd rect (at 2 0) (size 2 2.5) (layers F.Cu F.Paste F.Mask)
      (net 4 GND))
    (pad 1 smd rect (at -2 0) (size 2 2.5) (layers F.Cu F.Paste F.Mask)
      (net 11 "Net-(C8-Pad1)"))
    (model Capacitors_SMD.3dshapes/C_1210.wrl
      (at (xyz 0 0 0))
      (scale (xyz 1 1 1))
      (rotate (xyz 0 0 0))
    )
  )

  (module Capacitors_SMD:C_1210_HandSoldering (layer F.Cu) (tedit 58AA84FB) (tstamp 5F18A82E)
    (at 30 74)
    (descr "Capacitor SMD 1210, hand soldering")
    (tags "capacitor 1210")
    (path /5F2D695C)
    (attr smd)
    (fp_text reference C9 (at 0 -2.25) (layer F.SilkS)
      (effects (font (size 1 1) (thickness 0.15)))
    )
    (fp_text value 100uF (at 0 2.5) (layer F.Fab)
      (effects (font (size 1 1) (thickness 0.15)))
    )
    (fp_line (start 3.25 1.5) (end -3.25 1.5) (layer F.CrtYd) (width 0.05))
    (fp_line (start 3.25 1.5) (end 3.25 -1.5) (layer F.CrtYd) (width 0.05))
    (fp_line (start -3.25 -1.5) (end -3.25 1.5) (layer F.CrtYd) (width 0.05))
    (fp_line (start -3.25 -1.5) (end 3.25 -1.5) (layer F.CrtYd) (width 0.05))
    (fp_line (start -1 1.48) (end 1 1.48) (layer F.SilkS) (width 0.12))
    (fp_line (start 1 -1.48) (end -1 -1.48) (layer F.SilkS) (width 0.12))
    (fp_line (start -1.6 -1.25) (end 1.6 -1.25) (layer F.Fab) (width 0.1))
    (fp_line (start 1.6 -1.25) (end 1.6 1.25) (layer F.Fab) (width 0.1))
    (fp_line (start 1.6 1.25) (end -1.6 1.25) (layer F.Fab) (width 0.1))
    (fp_line (start -1.6 1.25) (end -1.6 -1.25) (layer F.Fab) (width 0.1))
    (fp_text user %R (at 0 -2.25) (layer F.Fab)
      (effects (font (size 1 1) (thickness 0.15)))
    )
    (pad 2 smd rect (at 2 0) (size 2 2.5) (layers F.Cu F.Paste F.Mask)
      (net 4 GND))
    (pad 1 smd rect (at -2 0) (size 2 2.5) (layers F.Cu F.Paste F.Mask)
      (net 11 "Net-(C8-Pad1)"))
    (model Capacitors_SMD.3dshapes/C_1210.wrl
      (at (xyz 0 0 0))
      (scale (xyz 1 1 1))
      (rotate (xyz 0 0 0))
    )
  )

  (module Capacitors_SMD:C_1210_HandSoldering (layer F.Cu) (tedit 58AA84FB) (tstamp 5F18A83F)
    (at 16 95 90)
    (descr "Capacitor SMD 1210, hand soldering")
    (tags "capacitor 1210")
    (path /5F22E73D)
    (attr smd)
    (fp_text reference C10 (at -0.00762 2.94132 180) (layer F.SilkS)
      (effects (font (size 1 1) (thickness 0.15)))
    )
    (fp_text value 10uF (at 0 2.5 90) (layer F.Fab)
      (effects (font (size 1 1) (thickness 0.15)))
    )
    (fp_line (start 3.25 1.5) (end -3.25 1.5) (layer F.CrtYd) (width 0.05))
    (fp_line (start 3.25 1.5) (end 3.25 -1.5) (layer F.CrtYd) (width 0.05))
    (fp_line (start -3.25 -1.5) (end -3.25 1.5) (layer F.CrtYd) (width 0.05))
    (fp_line (start -3.25 -1.5) (end 3.25 -1.5) (layer F.CrtYd) (width 0.05))
    (fp_line (start -1 1.48) (end 1 1.48) (layer F.SilkS) (width 0.12))
    (fp_line (start 1 -1.48) (end -1 -1.48) (layer F.SilkS) (width 0.12))
    (fp_line (start -1.6 -1.25) (end 1.6 -1.25) (layer F.Fab) (width 0.1))
    (fp_line (start 1.6 -1.25) (end 1.6 1.25) (layer F.Fab) (width 0.1))
    (fp_line (start 1.6 1.25) (end -1.6 1.25) (layer F.Fab) (width 0.1))
    (fp_line (start -1.6 1.25) (end -1.6 -1.25) (layer F.Fab) (width 0.1))
    (fp_text user %R (at 0 -2.25 90) (layer F.Fab)
      (effects (font (size 1 1) (thickness 0.15)))
    )
    (pad 2 smd rect (at 2 0 90) (size 2 2.5) (layers F.Cu F.Paste F.Mask)
      (net 12 "Net-(C10-Pad2)"))
    (pad 1 smd rect (at -2 0 90) (size 2 2.5) (layers F.Cu F.Paste F.Mask)
      (net 13 "Net-(C10-Pad1)"))
    (model Capacitors_SMD.3dshapes/C_1210.wrl
      (at (xyz 0 0 0))
      (scale (xyz 1 1 1))
      (rotate (xyz 0 0 0))
    )
  )

  (module Diodes_SMD:D_SOD-123 (layer F.Cu) (tedit 58645DC7) (tstamp 5F18A858)
    (at 21 32 90)
    (descr SOD-123)
    (tags SOD-123)
    (path /5F17D9FB)
    (attr smd)
    (fp_text reference D1 (at -0.00508 2.0066 180) (layer F.SilkS)
      (effects (font (size 1 1) (thickness 0.15)))
    )
    (fp_text value 1N4148W (at 0 2.1 90) (layer F.Fab)
      (effects (font (size 1 1) (thickness 0.15)))
    )
    (fp_line (start -2.25 -1) (end 1.65 -1) (layer F.SilkS) (width 0.12))
    (fp_line (start -2.25 1) (end 1.65 1) (layer F.SilkS) (width 0.12))
    (fp_line (start -2.35 -1.15) (end -2.35 1.15) (layer F.CrtYd) (width 0.05))
    (fp_line (start 2.35 1.15) (end -2.35 1.15) (layer F.CrtYd) (width 0.05))
    (fp_line (start 2.35 -1.15) (end 2.35 1.15) (layer F.CrtYd) (width 0.05))
    (fp_line (start -2.35 -1.15) (end 2.35 -1.15) (layer F.CrtYd) (width 0.05))
    (fp_line (start -1.4 -0.9) (end 1.4 -0.9) (layer F.Fab) (width 0.1))
    (fp_line (start 1.4 -0.9) (end 1.4 0.9) (layer F.Fab) (width 0.1))
    (fp_line (start 1.4 0.9) (end -1.4 0.9) (layer F.Fab) (width 0.1))
    (fp_line (start -1.4 0.9) (end -1.4 -0.9) (layer F.Fab) (width 0.1))
    (fp_line (start -0.75 0) (end -0.35 0) (layer F.Fab) (width 0.1))
    (fp_line (start -0.35 0) (end -0.35 -0.55) (layer F.Fab) (width 0.1))
    (fp_line (start -0.35 0) (end -0.35 0.55) (layer F.Fab) (width 0.1))
    (fp_line (start -0.35 0) (end 0.25 -0.4) (layer F.Fab) (width 0.1))
    (fp_line (start 0.25 -0.4) (end 0.25 0.4) (layer F.Fab) (width 0.1))
    (fp_line (start 0.25 0.4) (end -0.35 0) (layer F.Fab) (width 0.1))
    (fp_line (start 0.25 0) (end 0.75 0) (layer F.Fab) (width 0.1))
    (fp_line (start -2.25 -1) (end -2.25 1) (layer F.SilkS) (width 0.12))
    (fp_text user %R (at 0 -2 90) (layer F.Fab)
      (effects (font (size 1 1) (thickness 0.15)))
    )
    (pad 2 smd rect (at 1.65 0 90) (size 0.9 1.2) (layers F.Cu F.Paste F.Mask)
      (net 14 "Net-(D1-Pad2)"))
    (pad 1 smd rect (at -1.65 0 90) (size 0.9 1.2) (layers F.Cu F.Paste F.Mask)
      (net 15 "Net-(D1-Pad1)"))
    (model ${KISYS3DMOD}/Diodes_SMD.3dshapes/D_SOD-123.wrl
      (at (xyz 0 0 0))
      (scale (xyz 1 1 1))
      (rotate (xyz 0 0 0))
    )
  )

  (module Diodes_SMD:D_SOD-123 (layer F.Cu) (tedit 58645DC7) (tstamp 5F18A871)
    (at 25 32 270)
    (descr SOD-123)
    (tags SOD-123)
    (path /5F17E947)
    (attr smd)
    (fp_text reference D2 (at 0 -2 180) (layer F.SilkS)
      (effects (font (size 1 1) (thickness 0.15)))
    )
    (fp_text value 1N4148W (at 0 2.1 90) (layer F.Fab)
      (effects (font (size 1 1) (thickness 0.15)))
    )
    (fp_text user %R (at 0 -2 90) (layer F.Fab)
      (effects (font (size 1 1) (thickness 0.15)))
    )
    (fp_line (start -2.25 -1) (end -2.25 1) (layer F.SilkS) (width 0.12))
    (fp_line (start 0.25 0) (end 0.75 0) (layer F.Fab) (width 0.1))
    (fp_line (start 0.25 0.4) (end -0.35 0) (layer F.Fab) (width 0.1))
    (fp_line (start 0.25 -0.4) (end 0.25 0.4) (layer F.Fab) (width 0.1))
    (fp_line (start -0.35 0) (end 0.25 -0.4) (layer F.Fab) (width 0.1))
    (fp_line (start -0.35 0) (end -0.35 0.55) (layer F.Fab) (width 0.1))
    (fp_line (start -0.35 0) (end -0.35 -0.55) (layer F.Fab) (width 0.1))
    (fp_line (start -0.75 0) (end -0.35 0) (layer F.Fab) (width 0.1))
    (fp_line (start -1.4 0.9) (end -1.4 -0.9) (layer F.Fab) (width 0.1))
    (fp_line (start 1.4 0.9) (end -1.4 0.9) (layer F.Fab) (width 0.1))
    (fp_line (start 1.4 -0.9) (end 1.4 0.9) (layer F.Fab) (width 0.1))
    (fp_line (start -1.4 -0.9) (end 1.4 -0.9) (layer F.Fab) (width 0.1))
    (fp_line (start -2.35 -1.15) (end 2.35 -1.15) (layer F.CrtYd) (width 0.05))
    (fp_line (start 2.35 -1.15) (end 2.35 1.15) (layer F.CrtYd) (width 0.05))
    (fp_line (start 2.35 1.15) (end -2.35 1.15) (layer F.CrtYd) (width 0.05))
    (fp_line (start -2.35 -1.15) (end -2.35 1.15) (layer F.CrtYd) (width 0.05))
    (fp_line (start -2.25 1) (end 1.65 1) (layer F.SilkS) (width 0.12))
    (fp_line (start -2.25 -1) (end 1.65 -1) (layer F.SilkS) (width 0.12))
    (pad 1 smd rect (at -1.65 0 270) (size 0.9 1.2) (layers F.Cu F.Paste F.Mask)
      (net 14 "Net-(D1-Pad2)"))
    (pad 2 smd rect (at 1.65 0 270) (size 0.9 1.2) (layers F.Cu F.Paste F.Mask)
      (net 5 "Net-(C4-Pad1)"))
    (model ${KISYS3DMOD}/Diodes_SMD.3dshapes/D_SOD-123.wrl
      (at (xyz 0 0 0))
      (scale (xyz 1 1 1))
      (rotate (xyz 0 0 0))
    )
  )

  (module Diodes_SMD:D_SOD-123 (layer F.Cu) (tedit 58645DC7) (tstamp 5F18A88A)
    (at 29 32 90)
    (descr SOD-123)
    (tags SOD-123)
    (path /5F17D623)
    (attr smd)
    (fp_text reference D3 (at 0.00254 1.99644 180) (layer F.SilkS)
      (effects (font (size 1 1) (thickness 0.15)))
    )
    (fp_text value 1N4148W (at 0 2.1 90) (layer F.Fab)
      (effects (font (size 1 1) (thickness 0.15)))
    )
    (fp_line (start -2.25 -1) (end 1.65 -1) (layer F.SilkS) (width 0.12))
    (fp_line (start -2.25 1) (end 1.65 1) (layer F.SilkS) (width 0.12))
    (fp_line (start -2.35 -1.15) (end -2.35 1.15) (layer F.CrtYd) (width 0.05))
    (fp_line (start 2.35 1.15) (end -2.35 1.15) (layer F.CrtYd) (width 0.05))
    (fp_line (start 2.35 -1.15) (end 2.35 1.15) (layer F.CrtYd) (width 0.05))
    (fp_line (start -2.35 -1.15) (end 2.35 -1.15) (layer F.CrtYd) (width 0.05))
    (fp_line (start -1.4 -0.9) (end 1.4 -0.9) (layer F.Fab) (width 0.1))
    (fp_line (start 1.4 -0.9) (end 1.4 0.9) (layer F.Fab) (width 0.1))
    (fp_line (start 1.4 0.9) (end -1.4 0.9) (layer F.Fab) (width 0.1))
    (fp_line (start -1.4 0.9) (end -1.4 -0.9) (layer F.Fab) (width 0.1))
    (fp_line (start -0.75 0) (end -0.35 0) (layer F.Fab) (width 0.1))
    (fp_line (start -0.35 0) (end -0.35 -0.55) (layer F.Fab) (width 0.1))
    (fp_line (start -0.35 0) (end -0.35 0.55) (layer F.Fab) (width 0.1))
    (fp_line (start -0.35 0) (end 0.25 -0.4) (layer F.Fab) (width 0.1))
    (fp_line (start 0.25 -0.4) (end 0.25 0.4) (layer F.Fab) (width 0.1))
    (fp_line (start 0.25 0.4) (end -0.35 0) (layer F.Fab) (width 0.1))
    (fp_line (start 0.25 0) (end 0.75 0) (layer F.Fab) (width 0.1))
    (fp_line (start -2.25 -1) (end -2.25 1) (layer F.SilkS) (width 0.12))
    (fp_text user %R (at 0 -2 90) (layer F.Fab)
      (effects (font (size 1 1) (thickness 0.15)))
    )
    (pad 2 smd rect (at 1.65 0 90) (size 0.9 1.2) (layers F.Cu F.Paste F.Mask)
      (net 16 "Net-(D3-Pad2)"))
    (pad 1 smd rect (at -1.65 0 90) (size 0.9 1.2) (layers F.Cu F.Paste F.Mask)
      (net 5 "Net-(C4-Pad1)"))
    (model ${KISYS3DMOD}/Diodes_SMD.3dshapes/D_SOD-123.wrl
      (at (xyz 0 0 0))
      (scale (xyz 1 1 1))
      (rotate (xyz 0 0 0))
    )
  )

  (module Diodes_SMD:D_SOD-123 (layer F.Cu) (tedit 58645DC7) (tstamp 5F18A8A3)
    (at 33 32 270)
    (descr SOD-123)
    (tags SOD-123)
    (path /5F17E62A)
    (attr smd)
    (fp_text reference D4 (at 0 -2 180) (layer F.SilkS)
      (effects (font (size 1 1) (thickness 0.15)))
    )
    (fp_text value 1N4148W (at 0 2.1 90) (layer F.Fab)
      (effects (font (size 1 1) (thickness 0.15)))
    )
    (fp_line (start -2.25 -1) (end 1.65 -1) (layer F.SilkS) (width 0.12))
    (fp_line (start -2.25 1) (end 1.65 1) (layer F.SilkS) (width 0.12))
    (fp_line (start -2.35 -1.15) (end -2.35 1.15) (layer F.CrtYd) (width 0.05))
    (fp_line (start 2.35 1.15) (end -2.35 1.15) (layer F.CrtYd) (width 0.05))
    (fp_line (start 2.35 -1.15) (end 2.35 1.15) (layer F.CrtYd) (width 0.05))
    (fp_line (start -2.35 -1.15) (end 2.35 -1.15) (layer F.CrtYd) (width 0.05))
    (fp_line (start -1.4 -0.9) (end 1.4 -0.9) (layer F.Fab) (width 0.1))
    (fp_line (start 1.4 -0.9) (end 1.4 0.9) (layer F.Fab) (width 0.1))
    (fp_line (start 1.4 0.9) (end -1.4 0.9) (layer F.Fab) (width 0.1))
    (fp_line (start -1.4 0.9) (end -1.4 -0.9) (layer F.Fab) (width 0.1))
    (fp_line (start -0.75 0) (end -0.35 0) (layer F.Fab) (width 0.1))
    (fp_line (start -0.35 0) (end -0.35 -0.55) (layer F.Fab) (width 0.1))
    (fp_line (start -0.35 0) (end -0.35 0.55) (layer F.Fab) (width 0.1))
    (fp_line (start -0.35 0) (end 0.25 -0.4) (layer F.Fab) (width 0.1))
    (fp_line (start 0.25 -0.4) (end 0.25 0.4) (layer F.Fab) (width 0.1))
    (fp_line (start 0.25 0.4) (end -0.35 0) (layer F.Fab) (width 0.1))
    (fp_line (start 0.25 0) (end 0.75 0) (layer F.Fab) (width 0.1))
    (fp_line (start -2.25 -1) (end -2.25 1) (layer F.SilkS) (width 0.12))
    (fp_text user %R (at 0 -2 90) (layer F.Fab)
      (effects (font (size 1 1) (thickness 0.15)))
    )
    (pad 2 smd rect (at 1.65 0 270) (size 0.9 1.2) (layers F.Cu F.Paste F.Mask)
      (net 7 "Net-(C5-Pad1)"))
    (pad 1 smd rect (at -1.65 0 270) (size 0.9 1.2) (layers F.Cu F.Paste F.Mask)
      (net 16 "Net-(D3-Pad2)"))
    (model ${KISYS3DMOD}/Diodes_SMD.3dshapes/D_SOD-123.wrl
      (at (xyz 0 0 0))
      (scale (xyz 1 1 1))
      (rotate (xyz 0 0 0))
    )
  )

  (module Diodes_SMD:D_SOD-123 (layer F.Cu) (tedit 58645DC7) (tstamp 5F18A8BC)
    (at 33 26 270)
    (descr SOD-123)
    (tags SOD-123)
    (path /5F17CC5E)
    (attr smd)
    (fp_text reference D5 (at 0 -2 180) (layer F.SilkS)
      (effects (font (size 1 1) (thickness 0.15)))
    )
    (fp_text value 1N4148W (at 0 2.1 90) (layer F.Fab)
      (effects (font (size 1 1) (thickness 0.15)))
    )
    (fp_line (start -2.25 -1) (end 1.65 -1) (layer F.SilkS) (width 0.12))
    (fp_line (start -2.25 1) (end 1.65 1) (layer F.SilkS) (width 0.12))
    (fp_line (start -2.35 -1.15) (end -2.35 1.15) (layer F.CrtYd) (width 0.05))
    (fp_line (start 2.35 1.15) (end -2.35 1.15) (layer F.CrtYd) (width 0.05))
    (fp_line (start 2.35 -1.15) (end 2.35 1.15) (layer F.CrtYd) (width 0.05))
    (fp_line (start -2.35 -1.15) (end 2.35 -1.15) (layer F.CrtYd) (width 0.05))
    (fp_line (start -1.4 -0.9) (end 1.4 -0.9) (layer F.Fab) (width 0.1))
    (fp_line (start 1.4 -0.9) (end 1.4 0.9) (layer F.Fab) (width 0.1))
    (fp_line (start 1.4 0.9) (end -1.4 0.9) (layer F.Fab) (width 0.1))
    (fp_line (start -1.4 0.9) (end -1.4 -0.9) (layer F.Fab) (width 0.1))
    (fp_line (start -0.75 0) (end -0.35 0) (layer F.Fab) (width 0.1))
    (fp_line (start -0.35 0) (end -0.35 -0.55) (layer F.Fab) (width 0.1))
    (fp_line (start -0.35 0) (end -0.35 0.55) (layer F.Fab) (width 0.1))
    (fp_line (start -0.35 0) (end 0.25 -0.4) (layer F.Fab) (width 0.1))
    (fp_line (start 0.25 -0.4) (end 0.25 0.4) (layer F.Fab) (width 0.1))
    (fp_line (start 0.25 0.4) (end -0.35 0) (layer F.Fab) (width 0.1))
    (fp_line (start 0.25 0) (end 0.75 0) (layer F.Fab) (width 0.1))
    (fp_line (start -2.25 -1) (end -2.25 1) (layer F.SilkS) (width 0.12))
    (fp_text user %R (at 0 -2 90) (layer F.Fab)
      (effects (font (size 1 1) (thickness 0.15)))
    )
    (pad 2 smd rect (at 1.65 0 270) (size 0.9 1.2) (layers F.Cu F.Paste F.Mask)
      (net 17 "Net-(D5-Pad2)"))
    (pad 1 smd rect (at -1.65 0 270) (size 0.9 1.2) (layers F.Cu F.Paste F.Mask)
      (net 7 "Net-(C5-Pad1)"))
    (model ${KISYS3DMOD}/Diodes_SMD.3dshapes/D_SOD-123.wrl
      (at (xyz 0 0 0))
      (scale (xyz 1 1 1))
      (rotate (xyz 0 0 0))
    )
  )

  (module Diodes_SMD:D_SOD-123 (layer F.Cu) (tedit 58645DC7) (tstamp 5F18A8D5)
    (at 29 26 90)
    (descr SOD-123)
    (tags SOD-123)
    (path /5F17E2AA)
    (attr smd)
    (fp_text reference D6 (at -0.00254 2.00152 180) (layer F.SilkS)
      (effects (font (size 1 1) (thickness 0.15)))
    )
    (fp_text value 1N4148W (at 0 2.1 90) (layer F.Fab)
      (effects (font (size 1 1) (thickness 0.15)))
    )
    (fp_text user %R (at 0 -2 90) (layer F.Fab)
      (effects (font (size 1 1) (thickness 0.15)))
    )
    (fp_line (start -2.25 -1) (end -2.25 1) (layer F.SilkS) (width 0.12))
    (fp_line (start 0.25 0) (end 0.75 0) (layer F.Fab) (width 0.1))
    (fp_line (start 0.25 0.4) (end -0.35 0) (layer F.Fab) (width 0.1))
    (fp_line (start 0.25 -0.4) (end 0.25 0.4) (layer F.Fab) (width 0.1))
    (fp_line (start -0.35 0) (end 0.25 -0.4) (layer F.Fab) (width 0.1))
    (fp_line (start -0.35 0) (end -0.35 0.55) (layer F.Fab) (width 0.1))
    (fp_line (start -0.35 0) (end -0.35 -0.55) (layer F.Fab) (width 0.1))
    (fp_line (start -0.75 0) (end -0.35 0) (layer F.Fab) (width 0.1))
    (fp_line (start -1.4 0.9) (end -1.4 -0.9) (layer F.Fab) (width 0.1))
    (fp_line (start 1.4 0.9) (end -1.4 0.9) (layer F.Fab) (width 0.1))
    (fp_line (start 1.4 -0.9) (end 1.4 0.9) (layer F.Fab) (width 0.1))
    (fp_line (start -1.4 -0.9) (end 1.4 -0.9) (layer F.Fab) (width 0.1))
    (fp_line (start -2.35 -1.15) (end 2.35 -1.15) (layer F.CrtYd) (width 0.05))
    (fp_line (start 2.35 -1.15) (end 2.35 1.15) (layer F.CrtYd) (width 0.05))
    (fp_line (start 2.35 1.15) (end -2.35 1.15) (layer F.CrtYd) (width 0.05))
    (fp_line (start -2.35 -1.15) (end -2.35 1.15) (layer F.CrtYd) (width 0.05))
    (fp_line (start -2.25 1) (end 1.65 1) (layer F.SilkS) (width 0.12))
    (fp_line (start -2.25 -1) (end 1.65 -1) (layer F.SilkS) (width 0.12))
    (pad 1 smd rect (at -1.65 0 90) (size 0.9 1.2) (layers F.Cu F.Paste F.Mask)
      (net 17 "Net-(D5-Pad2)"))
    (pad 2 smd rect (at 1.65 0 90) (size 0.9 1.2) (layers F.Cu F.Paste F.Mask)
      (net 10 "Net-(C7-Pad1)"))
    (model ${KISYS3DMOD}/Diodes_SMD.3dshapes/D_SOD-123.wrl
      (at (xyz 0 0 0))
      (scale (xyz 1 1 1))
      (rotate (xyz 0 0 0))
    )
  )

  (module Diodes_SMD:D_SOD-123 (layer F.Cu) (tedit 58645DC7) (tstamp 5F18A8EE)
    (at 25 26 270)
    (descr SOD-123)
    (tags SOD-123)
    (path /5F17D31D)
    (attr smd)
    (fp_text reference D7 (at 0 -2 180) (layer F.SilkS)
      (effects (font (size 1 1) (thickness 0.15)))
    )
    (fp_text value 1N4148W (at 0 2.1 90) (layer F.Fab)
      (effects (font (size 1 1) (thickness 0.15)))
    )
    (fp_text user %R (at 0 -2 90) (layer F.Fab)
      (effects (font (size 1 1) (thickness 0.15)))
    )
    (fp_line (start -2.25 -1) (end -2.25 1) (layer F.SilkS) (width 0.12))
    (fp_line (start 0.25 0) (end 0.75 0) (layer F.Fab) (width 0.1))
    (fp_line (start 0.25 0.4) (end -0.35 0) (layer F.Fab) (width 0.1))
    (fp_line (start 0.25 -0.4) (end 0.25 0.4) (layer F.Fab) (width 0.1))
    (fp_line (start -0.35 0) (end 0.25 -0.4) (layer F.Fab) (width 0.1))
    (fp_line (start -0.35 0) (end -0.35 0.55) (layer F.Fab) (width 0.1))
    (fp_line (start -0.35 0) (end -0.35 -0.55) (layer F.Fab) (width 0.1))
    (fp_line (start -0.75 0) (end -0.35 0) (layer F.Fab) (width 0.1))
    (fp_line (start -1.4 0.9) (end -1.4 -0.9) (layer F.Fab) (width 0.1))
    (fp_line (start 1.4 0.9) (end -1.4 0.9) (layer F.Fab) (width 0.1))
    (fp_line (start 1.4 -0.9) (end 1.4 0.9) (layer F.Fab) (width 0.1))
    (fp_line (start -1.4 -0.9) (end 1.4 -0.9) (layer F.Fab) (width 0.1))
    (fp_line (start -2.35 -1.15) (end 2.35 -1.15) (layer F.CrtYd) (width 0.05))
    (fp_line (start 2.35 -1.15) (end 2.35 1.15) (layer F.CrtYd) (width 0.05))
    (fp_line (start 2.35 1.15) (end -2.35 1.15) (layer F.CrtYd) (width 0.05))
    (fp_line (start -2.35 -1.15) (end -2.35 1.15) (layer F.CrtYd) (width 0.05))
    (fp_line (start -2.25 1) (end 1.65 1) (layer F.SilkS) (width 0.12))
    (fp_line (start -2.25 -1) (end 1.65 -1) (layer F.SilkS) (width 0.12))
    (pad 1 smd rect (at -1.65 0 270) (size 0.9 1.2) (layers F.Cu F.Paste F.Mask)
      (net 10 "Net-(C7-Pad1)"))
    (pad 2 smd rect (at 1.65 0 270) (size 0.9 1.2) (layers F.Cu F.Paste F.Mask)
      (net 18 "Net-(D7-Pad2)"))
    (model ${KISYS3DMOD}/Diodes_SMD.3dshapes/D_SOD-123.wrl
      (at (xyz 0 0 0))
      (scale (xyz 1 1 1))
      (rotate (xyz 0 0 0))
    )
  )

  (module Diodes_SMD:D_SOD-123 (layer F.Cu) (tedit 58645DC7) (tstamp 5F18A907)
    (at 21 26 90)
    (descr SOD-123)
    (tags SOD-123)
    (path /5F17DD2F)
    (attr smd)
    (fp_text reference D8 (at 0 1.94056 180) (layer F.SilkS)
      (effects (font (size 1 1) (thickness 0.15)))
    )
    (fp_text value 1N4148W (at 0 2.1 90) (layer F.Fab)
      (effects (font (size 1 1) (thickness 0.15)))
    )
    (fp_text user %R (at 0 -2 90) (layer F.Fab)
      (effects (font (size 1 1) (thickness 0.15)))
    )
    (fp_line (start -2.25 -1) (end -2.25 1) (layer F.SilkS) (width 0.12))
    (fp_line (start 0.25 0) (end 0.75 0) (layer F.Fab) (width 0.1))
    (fp_line (start 0.25 0.4) (end -0.35 0) (layer F.Fab) (width 0.1))
    (fp_line (start 0.25 -0.4) (end 0.25 0.4) (layer F.Fab) (width 0.1))
    (fp_line (start -0.35 0) (end 0.25 -0.4) (layer F.Fab) (width 0.1))
    (fp_line (start -0.35 0) (end -0.35 0.55) (layer F.Fab) (width 0.1))
    (fp_line (start -0.35 0) (end -0.35 -0.55) (layer F.Fab) (width 0.1))
    (fp_line (start -0.75 0) (end -0.35 0) (layer F.Fab) (width 0.1))
    (fp_line (start -1.4 0.9) (end -1.4 -0.9) (layer F.Fab) (width 0.1))
    (fp_line (start 1.4 0.9) (end -1.4 0.9) (layer F.Fab) (width 0.1))
    (fp_line (start 1.4 -0.9) (end 1.4 0.9) (layer F.Fab) (width 0.1))
    (fp_line (start -1.4 -0.9) (end 1.4 -0.9) (layer F.Fab) (width 0.1))
    (fp_line (start -2.35 -1.15) (end 2.35 -1.15) (layer F.CrtYd) (width 0.05))
    (fp_line (start 2.35 -1.15) (end 2.35 1.15) (layer F.CrtYd) (width 0.05))
    (fp_line (start 2.35 1.15) (end -2.35 1.15) (layer F.CrtYd) (width 0.05))
    (fp_line (start -2.35 -1.15) (end -2.35 1.15) (layer F.CrtYd) (width 0.05))
    (fp_line (start -2.25 1) (end 1.65 1) (layer F.SilkS) (width 0.12))
    (fp_line (start -2.25 -1) (end 1.65 -1) (layer F.SilkS) (width 0.12))
    (pad 1 smd rect (at -1.65 0 90) (size 0.9 1.2) (layers F.Cu F.Paste F.Mask)
      (net 18 "Net-(D7-Pad2)"))
    (pad 2 smd rect (at 1.65 0 90) (size 0.9 1.2) (layers F.Cu F.Paste F.Mask)
      (net 19 "Net-(D8-Pad2)"))
    (model ${KISYS3DMOD}/Diodes_SMD.3dshapes/D_SOD-123.wrl
      (at (xyz 0 0 0))
      (scale (xyz 1 1 1))
      (rotate (xyz 0 0 0))
    )
  )

  (module Custom_Library:Mono_Jack_3.5mm_Switch_Switchcraft_35RAPC2AH3 (layer F.Cu) (tedit 5E2E41E0) (tstamp 5F18A917)
    (at 0 7)
    (descr "Switchcarft Mono 3.5mm Audio Jack with Switched")
    (path /5F1A8460)
    (fp_text reference J1 (at 8.3185 6.4135) (layer F.SilkS)
      (effects (font (size 1 1) (thickness 0.15)))
    )
    (fp_text value AudioJack1_Switch (at 7.6835 -7.493) (layer F.Fab)
      (effects (font (size 1 1) (thickness 0.15)))
    )
    (fp_line (start 0 -6) (end 14 -6) (layer F.SilkS) (width 0.15))
    (fp_line (start 14 -6) (end 14 5.5) (layer F.SilkS) (width 0.15))
    (fp_line (start 14 5.5) (end 0 5.5) (layer F.SilkS) (width 0.15))
    (fp_line (start 0 5.5) (end 0 -6) (layer F.SilkS) (width 0.15))
    (fp_line (start 0 -1.8) (end -3.5 -1.8) (layer F.SilkS) (width 0.15))
    (fp_line (start -3.5 -1.8) (end -3.5 1.8) (layer F.SilkS) (width 0.15))
    (fp_line (start 0 1.8) (end -3.5 1.8) (layer F.SilkS) (width 0.15))
    (pad 1 thru_hole rect (at 2 0) (size 1 2.2) (drill oval 0.4 1.2) (layers *.Cu *.Mask)
      (net 4 GND))
    (pad 3 thru_hole rect (at 5.4 4.5) (size 2.2 1) (drill oval 1.2 0.4) (layers *.Cu *.Mask)
      (net 2 "Net-(C1-Pad2)"))
