(kicad_pcb (version 20171130) (host pcbnew "(5.1.8)-1")

  (general
    (thickness 1.6)
    (drawings 6)
    (tracks 46)
    (zones 0)
    (modules 168)
    (nets 143)
  )

  (page A4)
  (layers
    (0 F.Cu signal)
    (31 B.Cu signal)
    (32 B.Adhes user)
    (33 F.Adhes user)
    (34 B.Paste user)
    (35 F.Paste user)
    (36 B.SilkS user)
    (37 F.SilkS user)
    (38 B.Mask user)
    (39 F.Mask user)
    (40 Dwgs.User user)
    (41 Cmts.User user)
    (42 Eco1.User user)
    (43 Eco2.User user)
    (44 Edge.Cuts user)
    (45 Margin user)
    (46 B.CrtYd user)
    (47 F.CrtYd user)
    (48 B.Fab user)
    (49 F.Fab user)
  )

  (setup
    (last_trace_width 0.25)
    (trace_clearance 0.2)
    (zone_clearance 0.508)
    (zone_45_only no)
    (trace_min 0.2)
    (via_size 0.8)
    (via_drill 0.4)
    (via_min_size 0.4)
    (via_min_drill 0.3)
    (uvia_size 0.3)
    (uvia_drill 0.1)
    (uvias_allowed no)
    (uvia_min_size 0.2)
    (uvia_min_drill 0.1)
    (edge_width 0.05)
    (segment_width 0.2)
    (pcb_text_width 0.3)
    (pcb_text_size 1.5 1.5)
    (mod_edge_width 0.12)
    (mod_text_size 1 1)
    (mod_text_width 0.15)
    (pad_size 1.524 1.524)
    (pad_drill 0.762)
    (pad_to_mask_clearance 0)
    (aux_axis_origin 0 0)
    (visible_elements 7FFFFFFF)
    (pcbplotparams
      (layerselection 0x010fc_ffffffff)
      (usegerberextensions false)
      (usegerberattributes true)
      (usegerberadvancedattributes true)
      (creategerberjobfile true)
      (excludeedgelayer true)
      (linewidth 0.100000)
      (plotframeref false)
      (viasonmask false)
      (mode 1)
      (useauxorigin false)
      (hpglpennumber 1)
      (hpglpenspeed 20)
      (hpglpendiameter 15.000000)
      (psnegative false)
      (psa4output false)
      (plotreference true)
      (plotvalue true)
      (plotinvisibletext false)
      (padsonsilk false)
      (subtractmaskfromsilk false)
      (outputformat 1)
      (mirror false)
      (drillshape 1)
      (scaleselection 1)
      (outputdirectory ""))
  )

  (net 0 "")
  (net 1 "Net-(C1-Pad1)")
  (net 2 "Net-(C16-Pad2)")
  (net 3 "Net-(C2-Pad2)")
  (net 4 "Net-(C15-Pad2)")
  (net 5 "Net-(C3-Pad2)")
  (net 6 "Net-(C4-Pad1)")
  (net 7 "Net-(C10-Pad1)")
  (net 8 "Net-(C5-Pad2)")
  (net 9 "Net-(C5-Pad1)")
  (net 10 GND)
  (net 11 "Net-(C6-Pad1)")
  (net 12 "Net-(C7-Pad1)")
  (net 13 "Net-(C8-Pad1)")
  (net 14 "Net-(C9-Pad1)")
  (net 15 "Net-(C10-Pad2)")
  (net 16 "Net-(C11-Pad2)")
  (net 17 "Net-(C11-Pad1)")
  (net 18 "Net-(C12-Pad1)")
  (net 19 "Net-(C12-Pad2)")
  (net 20 "Net-(C13-Pad1)")
  (net 21 "Net-(C14-Pad1)")
  (net 22 "Net-(C15-Pad1)")
  (net 23 "Net-(C16-Pad1)")
  (net 24 "Net-(C17-Pad1)")
  (net 25 "Net-(C17-Pad2)")
  (net 26 "Net-(C18-Pad1)")
  (net 27 "Net-(C18-Pad2)")
  (net 28 "Net-(C19-Pad1)")
  (net 29 "Net-(C20-Pad1)")
  (net 30 "Net-(C21-Pad1)")
  (net 31 "Net-(C22-Pad1)")
  (net 32 "Net-(C23-Pad1)")
  (net 33 "Net-(C23-Pad2)")
  (net 34 "Net-(C24-Pad1)")
  (net 35 "Net-(C24-Pad2)")
  (net 36 "Net-(C25-Pad1)")
  (net 37 "Net-(C26-Pad1)")
  (net 38 SUM)
  (net 39 "Net-(C27-Pad1)")
  (net 40 "Net-(C28-Pad1)")
  (net 41 "Net-(C29-Pad1)")
  (net 42 "Net-(C29-Pad2)")
  (net 43 "Net-(C30-Pad1)")
  (net 44 "Net-(C31-Pad1)")
  (net 45 "Net-(C32-Pad2)")
  (net 46 "Net-(C32-Pad1)")
  (net 47 "Net-(C33-Pad2)")
  (net 48 "Net-(C33-Pad1)")
  (net 49 "Net-(C34-Pad1)")
  (net 50 "Net-(C35-Pad1)")
  (net 51 "Net-(C36-Pad1)")
  (net 52 "Net-(C37-Pad1)")
  (net 53 "Net-(C38-Pad1)")
  (net 54 +12)
  (net 55 -12)
  (net 56 <100)
  (net 57 "Net-(FADE1-Pad4)")
  (net 58 "Net-(FADE2-Pad4)")
  (net 59 200)
  (net 60 350)
  (net 61 "Net-(FADE3-Pad4)")
  (net 62 500)
  (net 63 "Net-(FADE4-Pad4)")
  (net 64 "Net-(FADE5-Pad4)")
  (net 65 700)
  (net 66 "Net-(FADE6-Pad4)")
  (net 67 1k)
  (net 68 1k4)
  (net 69 "Net-(FADE7-Pad4)")
  (net 70 "Net-(FADE8-Pad4)")
  (net 71 2k)
  (net 72 "Net-(FADE9-Pad4)")
  (net 73 3k5)
  (net 74 >7k)
  (net 75 "Net-(FADE10-Pad4)")
  (net 76 "Net-(J3-Pad2)")
  (net 77 "Net-(J4-Pad2)")
  (net 78 "Net-(J5-Pad2)")
  (net 79 "Net-(J6-Pad2)")
  (net 80 "Net-(J7-Pad2)")
  (net 81 "Net-(J8-Pad2)")
  (net 82 "Net-(J9-Pad2)")
  (net 83 "Net-(J10-Pad2)")
  (net 84 "Net-(J11-Pad2)")
  (net 85 "Net-(J12-Pad2)")
  (net 86 "Net-(J13-Pad3)")
  (net 87 "Net-(J13-Pad2)")
  (net 88 "Net-(R5-Pad1)")
  (net 89 "Net-(R6-Pad1)")
  (net 90 "Net-(R20-Pad1)")
  (net 91 "Net-(R21-Pad2)")
  (net 92 "Net-(R32-Pad1)")
  (net 93 "Net-(R34-Pad1)")
  (net 94 "Net-(R35-Pad2)")
  (net 95 "Net-(R37-Pad2)")
  (net 96 "Net-(R47-Pad1)")
  (net 97 "Net-(R48-Pad1)")
  (net 98 "Net-(R50-Pad2)")
  (net 99 "Net-(R51-Pad2)")
  (net 100 "Net-(R60-Pad1)")
  (net 101 "Net-(R61-Pad1)")
  (net 102 "Net-(R62-Pad2)")
  (net 103 "Net-(R63-Pad2)")
  (net 104 "Net-(R65-Pad2)")
  (net 105 "Net-(R66-Pad2)")
  (net 106 "Net-(R73-Pad1)")
  (net 107 "Net-(R74-Pad2)")
  (net 108 "Net-(RV1-Pad1)")
  (net 109 "Net-(RV3-Pad1)")
  (net 110 "Net-(RV4-Pad1)")
  (net 111 "Net-(RV7-Pad1)")
  (net 112 "Net-(RV8-Pad1)")
  (net 113 "Net-(RV11-Pad1)")
  (net 114 "Net-(RV12-Pad1)")
  (net 115 "Net-(RV15-Pad1)")
  (net 116 "Net-(U4-Pad12)")
  (net 117 "Net-(U4-Pad10)")
  (net 118 Input)
  (net 119 <100_Out)
  (net 120 200_Out)
  (net 121 350_Out)
  (net 122 500_Out)
  (net 123 700_Out)
  (net 124 1k_Out)
  (net 125 1k4_Out)
  (net 126 2k_Out)
  (net 127 3k5_Out)
  (net 128 >7k_Out)
  (net 129 "Net-(J1-Pad1)")
  (net 130 "Net-(J1-Pad3)")
  (net 131 "Net-(J15-Pad2)")
  (net 132 "Net-(J17-Pad1)")
  (net 133 "Net-(J10-Pad1)")
  (net 134 "Net-(J15-Pad3)")
  (net 135 "Net-(J17-Pad2)")
  (net 136 "Net-(J15-Pad4)")
  (net 137 "Net-(J17-Pad3)")
  (net 138 "Net-(J10-Pad3)")
  (net 139 "Net-(J11-Pad3)")
  (net 140 "Net-(J12-Pad3)")
  (net 141 Output)
  (net 142 "Net-(J15-Pad1)")

  (net_class Default "This is the default net class."
    (clearance 0.2)
    (trace_width 0.25)
    (via_dia 0.8)
    (via_drill 0.4)
    (uvia_dia 0.3)
    (uvia_drill 0.1)
    (add_net 1k)
    (add_net 1k4)
    (add_net 1k4_Out)
    (add_net 1k_Out)
    (add_net 200)
    (add_net 200_Out)
    (add_net 2k)
    (add_net 2k_Out)
    (add_net 350)
    (add_net 350_Out)
    (add_net 3k5)
    (add_net 3k5_Out)
    (add_net 500)
    (add_net 500_Out)
    (add_net 700)
    (add_net 700_Out)
    (add_net <100)
    (add_net <100_Out)
    (add_net >7k)
    (add_net >7k_Out)
    (add_net Input)
    (add_net "Net-(C1-Pad1)")
    (add_net "Net-(C10-Pad1)")
    (add_net "Net-(C10-Pad2)")
    (add_net "Net-(C11-Pad1)")
    (add_net "Net-(C11-Pad2)")
    (add_net "Net-(C12-Pad1)")
    (add_net "Net-(C12-Pad2)")
    (add_net "Net-(C13-Pad1)")
    (add_net "Net-(C14-Pad1)")
    (add_net "Net-(C15-Pad1)")
    (add_net "Net-(C15-Pad2)")
    (add_net "Net-(C16-Pad1)")
    (add_net "Net-(C16-Pad2)")
    (add_net "Net-(C17-Pad1)")
    (add_net "Net-(C17-Pad2)")
    (add_net "Net-(C18-Pad1)")
    (add_net "Net-(C18-Pad2)")
    (add_net "Net-(C19-Pad1)")
    (add_net "Net-(C2-Pad2)")
    (add_net "Net-(C20-Pad1)")
    (add_net "Net-(C21-Pad1)")
    (add_net "Net-(C22-Pad1)")
    (add_net "Net-(C23-Pad1)")
    (add_net "Net-(C23-Pad2)")
    (add_net "Net-(C24-Pad1)")
    (add_net "Net-(C24-Pad2)")
    (add_net "Net-(C25-Pad1)")
    (add_net "Net-(C26-Pad1)")
    (add_net "Net-(C27-Pad1)")
    (add_net "Net-(C28-Pad1)")
    (add_net "Net-(C29-Pad1)")
    (add_net "Net-(C29-Pad2)")
    (add_net "Net-(C3-Pad2)")
    (add_net "Net-(C30-Pad1)")
    (add_net "Net-(C31-Pad1)")
    (add_net "Net-(C32-Pad1)")
    (add_net "Net-(C32-Pad2)")
    (add_net "Net-(C33-Pad1)")
    (add_net "Net-(C33-Pad2)")
    (add_net "Net-(C34-Pad1)")
    (add_net "Net-(C35-Pad1)")
    (add_net "Net-(C36-Pad1)")
    (add_net "Net-(C37-Pad1)")
    (add_net "Net-(C38-Pad1)")
    (add_net "Net-(C4-Pad1)")
    (add_net "Net-(C5-Pad1)")
    (add_net "Net-(C5-Pad2)")
    (add_net "Net-(C6-Pad1)")
    (add_net "Net-(C7-Pad1)")
    (add_net "Net-(C8-Pad1)")
    (add_net "Net-(C9-Pad1)")
    (add_net "Net-(FADE1-Pad4)")
    (add_net "Net-(FADE10-Pad4)")
    (add_net "Net-(FADE2-Pad4)")
    (add_net "Net-(FADE3-Pad4)")
    (add_net "Net-(FADE4-Pad4)")
    (add_net "Net-(FADE5-Pad4)")
    (add_net "Net-(FADE6-Pad4)")
    (add_net "Net-(FADE7-Pad4)")
    (add_net "Net-(FADE8-Pad4)")
    (add_net "Net-(FADE9-Pad4)")
    (add_net "Net-(J1-Pad3)")
    (add_net "Net-(J10-Pad2)")
    (add_net "Net-(J10-Pad3)")
    (add_net "Net-(J11-Pad2)")
    (add_net "Net-(J11-Pad3)")
    (add_net "Net-(J12-Pad2)")
    (add_net "Net-(J12-Pad3)")
    (add_net "Net-(J13-Pad2)")
    (add_net "Net-(J13-Pad3)")
    (add_net "Net-(J15-Pad1)")
    (add_net "Net-(J15-Pad2)")
    (add_net "Net-(J15-Pad3)")
    (add_net "Net-(J15-Pad4)")
    (add_net "Net-(J17-Pad1)")
    (add_net "Net-(J17-Pad2)")
    (add_net "Net-(J17-Pad3)")
    (add_net "Net-(J3-Pad2)")
    (add_net "Net-(J4-Pad2)")
    (add_net "Net-(J5-Pad2)")
    (add_net "Net-(J6-Pad2)")
    (add_net "Net-(J7-Pad2)")
    (add_net "Net-(J8-Pad2)")
    (add_net "Net-(J9-Pad2)")
    (add_net "Net-(R20-Pad1)")
    (add_net "Net-(R21-Pad2)")
    (add_net "Net-(R32-Pad1)")
    (add_net "Net-(R34-Pad1)")
    (add_net "Net-(R35-Pad2)")
    (add_net "Net-(R37-Pad2)")
    (add_net "Net-(R47-Pad1)")
    (add_net "Net-(R48-Pad1)")
    (add_net "Net-(R5-Pad1)")
    (add_net "Net-(R50-Pad2)")
    (add_net "Net-(R51-Pad2)")
    (add_net "Net-(R6-Pad1)")
    (add_net "Net-(R60-Pad1)")
    (add_net "Net-(R61-Pad1)")
    (add_net "Net-(R62-Pad2)")
    (add_net "Net-(R63-Pad2)")
    (add_net "Net-(R65-Pad2)")
    (add_net "Net-(R66-Pad2)")
    (add_net "Net-(R73-Pad1)")
    (add_net "Net-(R74-Pad2)")
    (add_net "Net-(RV1-Pad1)")
    (add_net "Net-(RV11-Pad1)")
    (add_net "Net-(RV12-Pad1)")
    (add_net "Net-(RV15-Pad1)")
    (add_net "Net-(RV3-Pad1)")
    (add_net "Net-(RV4-Pad1)")
    (add_net "Net-(RV7-Pad1)")
    (add_net "Net-(RV8-Pad1)")
    (add_net "Net-(U4-Pad10)")
    (add_net "Net-(U4-Pad12)")
    (add_net Output)
    (add_net SUM)
  )

  (net_class PWR ""
    (clearance 0.2)
    (trace_width 0.35)
    (via_dia 0.8)
    (via_drill 0.4)
    (uvia_dia 0.3)
    (uvia_drill 0.1)
    (add_net +12)
    (add_net -12)
    (add_net GND)
    (add_net "Net-(J1-Pad1)")
    (add_net "Net-(J10-Pad1)")
  )

  (module Capacitors_SMD:C_1210_HandSoldering (layer B.Cu) (tedit 58AA84FB) (tstamp 60038920)
    (at 7.475001 217.549999)
    (descr "Capacitor SMD 1210, hand soldering")
    (tags "capacitor 1210")
    (path /60C776D9)
    (attr smd)
    (fp_text reference C1 (at 0 2.25) (layer B.SilkS)
      (effects (font (size 1 1) (thickness 0.15)) (justify mirror))
    )
    (fp_text value 0.47uF (at 0 -2.5) (layer B.Fab)
      (effects (font (size 1 1) (thickness 0.15)) (justify mirror))
    )
    (fp_line (start -1.6 -1.25) (end -1.6 1.25) (layer B.Fab) (width 0.1))
    (fp_line (start 1.6 -1.25) (end -1.6 -1.25) (layer B.Fab) (width 0.1))
    (fp_line (start 1.6 1.25) (end 1.6 -1.25) (layer B.Fab) (width 0.1))
    (fp_line (start -1.6 1.25) (end 1.6 1.25) (layer B.Fab) (width 0.1))
    (fp_line (start 1 1.48) (end -1 1.48) (layer B.SilkS) (width 0.12))
    (fp_line (start -1 -1.48) (end 1 -1.48) (layer B.SilkS) (width 0.12))
    (fp_line (start -3.25 1.5) (end 3.25 1.5) (layer B.CrtYd) (width 0.05))
    (fp_line (start -3.25 1.5) (end -3.25 -1.5) (layer B.CrtYd) (width 0.05))
    (fp_line (start 3.25 -1.5) (end 3.25 1.5) (layer B.CrtYd) (width 0.05))
    (fp_line (start 3.25 -1.5) (end -3.25 -1.5) (layer B.CrtYd) (width 0.05))
    (fp_text user %R (at 0 2.25) (layer B.Fab)
      (effects (font (size 1 1) (thickness 0.15)) (justify mirror))
    )
    (pad 1 smd rect (at -2 0) (size 2 2.5) (layers B.Cu B.Paste B.Mask)
      (net 1 "Net-(C1-Pad1)"))
    (pad 2 smd rect (at 2 0) (size 2 2.5) (layers B.Cu B.Paste B.Mask)
      (net 118 Input))
    (model Capacitors_SMD.3dshapes/C_1210.wrl
      (at (xyz 0 0 0))
      (scale (xyz 1 1 1))
      (rotate (xyz 0 0 0))
    )
  )

  (module Capacitors_SMD:C_1210_HandSoldering (layer B.Cu) (tedit 58AA84FB) (tstamp 60038931)
    (at -0.974999 211.279999)
    (descr "Capacitor SMD 1210, hand soldering")
    (tags "capacitor 1210")
    (path /60C789FA)
    (attr smd)
    (fp_text reference C2 (at 0 2.25) (layer B.SilkS)
      (effects (font (size 1 1) (thickness 0.15)) (justify mirror))
    )
    (fp_text value 100pF (at 0 -2.5) (layer B.Fab)
      (effects (font (size 1 1) (thickness 0.15)) (justify mirror))
    )
    (fp_line (start -1.6 -1.25) (end -1.6 1.25) (layer B.Fab) (width 0.1))
    (fp_line (start 1.6 -1.25) (end -1.6 -1.25) (layer B.Fab) (width 0.1))
    (fp_line (start 1.6 1.25) (end 1.6 -1.25) (layer B.Fab) (width 0.1))
    (fp_line (start -1.6 1.25) (end 1.6 1.25) (layer B.Fab) (width 0.1))
    (fp_line (start 1 1.48) (end -1 1.48) (layer B.SilkS) (width 0.12))
    (fp_line (start -1 -1.48) (end 1 -1.48) (layer B.SilkS) (width 0.12))
    (fp_line (start -3.25 1.5) (end 3.25 1.5) (layer B.CrtYd) (width 0.05))
    (fp_line (start -3.25 1.5) (end -3.25 -1.5) (layer B.CrtYd) (width 0.05))
    (fp_line (start 3.25 -1.5) (end 3.25 1.5) (layer B.CrtYd) (width 0.05))
    (fp_line (start 3.25 -1.5) (end -3.25 -1.5) (layer B.CrtYd) (width 0.05))
    (fp_text user %R (at 0 2.25) (layer B.Fab)
      (effects (font (size 1 1) (thickness 0.15)) (justify mirror))
    )
    (pad 1 smd rect (at -2 0) (size 2 2.5) (layers B.Cu B.Paste B.Mask)
      (net 2 "Net-(C16-Pad2)"))
    (pad 2 smd rect (at 2 0) (size 2 2.5) (layers B.Cu B.Paste B.Mask)
      (net 3 "Net-(C2-Pad2)"))
    (model Capacitors_SMD.3dshapes/C_1210.wrl
      (at (xyz 0 0 0))
      (scale (xyz 1 1 1))
      (rotate (xyz 0 0 0))
    )
  )

  (module Capacitors_SMD:C_1210_HandSoldering (layer B.Cu) (tedit 58AA84FB) (tstamp 60038942)
    (at 88.825001 294.559999)
    (descr "Capacitor SMD 1210, hand soldering")
    (tags "capacitor 1210")
    (path /60DED744)
    (attr smd)
    (fp_text reference C3 (at 0 2.25) (layer B.SilkS)
      (effects (font (size 1 1) (thickness 0.15)) (justify mirror))
    )
    (fp_text value 100pF (at 0 -2.5) (layer B.Fab)
      (effects (font (size 1 1) (thickness 0.15)) (justify mirror))
    )
    (fp_line (start -1.6 -1.25) (end -1.6 1.25) (layer B.Fab) (width 0.1))
    (fp_line (start 1.6 -1.25) (end -1.6 -1.25) (layer B.Fab) (width 0.1))
    (fp_line (start 1.6 1.25) (end 1.6 -1.25) (layer B.Fab) (width 0.1))
    (fp_line (start -1.6 1.25) (end 1.6 1.25) (layer B.Fab) (width 0.1))
    (fp_line (start 1 1.48) (end -1 1.48) (layer B.SilkS) (width 0.12))
    (fp_line (start -1 -1.48) (end 1 -1.48) (layer B.SilkS) (width 0.12))
    (fp_line (start -3.25 1.5) (end 3.25 1.5) (layer B.CrtYd) (width 0.05))
    (fp_line (start -3.25 1.5) (end -3.25 -1.5) (layer B.CrtYd) (width 0.05))
    (fp_line (start 3.25 -1.5) (end 3.25 1.5) (layer B.CrtYd) (width 0.05))
    (fp_line (start 3.25 -1.5) (end -3.25 -1.5) (layer B.CrtYd) (width 0.05))
    (fp_text user %R (at 0 2.25) (layer B.Fab)
      (effects (font (size 1 1) (thickness 0.15)) (justify mirror))
    )
    (pad 1 smd rect (at -2 0) (size 2 2.5) (layers B.Cu B.Paste B.Mask)
      (net 4 "Net-(C15-Pad2)"))
    (pad 2 smd rect (at 2 0) (size 2 2.5) (layers B.Cu B.Paste B.Mask)
      (net 5 "Net-(C3-Pad2)"))
    (model Capacitors_SMD.3dshapes/C_1210.wrl
      (at (xyz 0 0 0))
      (scale (xyz 1 1 1))
      (rotate (xyz 0 0 0))
    )
  )

  (module Capacitors_SMD:C_1210_HandSoldering (layer B.Cu) (tedit 58AA84FB) (tstamp 60038953)
    (at 17.675001 228.009999)
    (descr "Capacitor SMD 1210, hand soldering")
    (tags "capacitor 1210")
    (path /61004540)
    (attr smd)
    (fp_text reference C4 (at 0 2.25) (layer B.SilkS)
      (effects (font (size 1 1) (thickness 0.15)) (justify mirror))
    )
    (fp_text value 100pF (at 0 -2.5) (layer B.Fab)
      (effects (font (size 1 1) (thickness 0.15)) (justify mirror))
    )
    (fp_line (start -1.6 -1.25) (end -1.6 1.25) (layer B.Fab) (width 0.1))
    (fp_line (start 1.6 -1.25) (end -1.6 -1.25) (layer B.Fab) (width 0.1))
    (fp_line (start 1.6 1.25) (end 1.6 -1.25) (layer B.Fab) (width 0.1))
    (fp_line (start -1.6 1.25) (end 1.6 1.25) (layer B.Fab) (width 0.1))
    (fp_line (start 1 1.48) (end -1 1.48) (layer B.SilkS) (width 0.12))
    (fp_line (start -1 -1.48) (end 1 -1.48) (layer B.SilkS) (width 0.12))
    (fp_line (start -3.25 1.5) (end 3.25 1.5) (layer B.CrtYd) (width 0.05))
    (fp_line (start -3.25 1.5) (end -3.25 -1.5) (layer B.CrtYd) (width 0.05))
    (fp_line (start 3.25 -1.5) (end 3.25 1.5) (layer B.CrtYd) (width 0.05))
    (fp_line (start 3.25 -1.5) (end -3.25 -1.5) (layer B.CrtYd) (width 0.05))
    (fp_text user %R (at 0 2.25) (layer B.Fab)
      (effects (font (size 1 1) (thickness 0.15)) (justify mirror))
    )
    (pad 1 smd rect (at -2 0) (size 2 2.5) (layers B.Cu B.Paste B.Mask)
      (net 6 "Net-(C4-Pad1)"))
    (pad 2 smd rect (at 2 0) (size 2 2.5) (layers B.Cu B.Paste B.Mask)
      (net 7 "Net-(C10-Pad1)"))
    (model Capacitors_SMD.3dshapes/C_1210.wrl
      (at (xyz 0 0 0))
      (scale (xyz 1 1 1))
      (rotate (xyz 0 0 0))
    )
  )

  (module Capacitors_SMD:C_1210_HandSoldering (layer B.Cu) (tedit 58AA84FB) (tstamp 60038964)
    (at 43.625001 258.909999)
    (descr "Capacitor SMD 1210, hand soldering")
    (tags "capacitor 1210")
    (path /629295B0)
    (attr smd)
    (fp_text reference C5 (at 0 2.25) (layer B.SilkS)
      (effects (font (size 1 1) (thickness 0.15)) (justify mirror))
    )
    (fp_text value 0.01uF (at 0 -2.5) (layer B.Fab)
      (effects (font (size 1 1) (thickness 0.15)) (justify mirror))
    )
    (fp_line (start 3.25 -1.5) (end -3.25 -1.5) (layer B.CrtYd) (width 0.05))
    (fp_line (start 3.25 -1.5) (end 3.25 1.5) (layer B.CrtYd) (width 0.05))
    (fp_line (start -3.25 1.5) (end -3.25 -1.5) (layer B.CrtYd) (width 0.05))
    (fp_line (start -3.25 1.5) (end 3.25 1.5) (layer B.CrtYd) (width 0.05))
    (fp_line (start -1 -1.48) (end 1 -1.48) (layer B.SilkS) (width 0.12))
    (fp_line (start 1 1.48) (end -1 1.48) (layer B.SilkS) (width 0.12))
    (fp_line (start -1.6 1.25) (end 1.6 1.25) (layer B.Fab) (width 0.1))
    (fp_line (start 1.6 1.25) (end 1.6 -1.25) (layer B.Fab) (width 0.1))
    (fp_line (start 1.6 -1.25) (end -1.6 -1.25) (layer B.Fab) (width 0.1))
    (fp_line (start -1.6 -1.25) (end -1.6 1.25) (layer B.Fab) (width 0.1))
    (fp_text user %R (at 0 2.25) (layer B.Fab)
      (effects (font (size 1 1) (thickness 0.15)) (justify mirror))
    )
    (pad 2 smd rect (at 2 0) (size 2 2.5) (layers B.Cu B.Paste B.Mask)
      (net 8 "Net-(C5-Pad2)"))
    (pad 1 smd rect (at -2 0) (size 2 2.5) (layers B.Cu B.Paste B.Mask)
      (net 9 "Net-(C5-Pad1)"))
    (model Capacitors_SMD.3dshapes/C_1210.wrl
      (at (xyz 0 0 0))
      (scale (xyz 1 1 1))
      (rotate (xyz 0 0 0))
    )
  )

  (module Capacitors_SMD:C_1210_HandSoldering (layer B.Cu) (tedit 58AA84FB) (tstamp 60038975)
    (at 43.625001 254.829999)
    (descr "Capacitor SMD 1210, hand soldering")
    (tags "capacitor 1210")
    (path /6100643E)
    (attr smd)
    (fp_text reference C6 (at 0 2.25) (layer B.SilkS)
      (effects (font (size 1 1) (thickness 0.15)) (justify mirror))
    )
    (fp_text value 0.047uF (at 0 -2.5) (layer B.Fab)
      (effects (font (size 1 1) (thickness 0.15)) (justify mirror))
    )
    (fp_line (start 3.25 -1.5) (end -3.25 -1.5) (layer B.CrtYd) (width 0.05))
    (fp_line (start 3.25 -1.5) (end 3.25 1.5) (layer B.CrtYd) (width 0.05))
    (fp_line (start -3.25 1.5) (end -3.25 -1.5) (layer B.CrtYd) (width 0.05))
    (fp_line (start -3.25 1.5) (end 3.25 1.5) (layer B.CrtYd) (width 0.05))
    (fp_line (start -1 -1.48) (end 1 -1.48) (layer B.SilkS) (width 0.12))
    (fp_line (start 1 1.48) (end -1 1.48) (layer B.SilkS) (width 0.12))
    (fp_line (start -1.6 1.25) (end 1.6 1.25) (layer B.Fab) (width 0.1))
    (fp_line (start 1.6 1.25) (end 1.6 -1.25) (layer B.Fab) (width 0.1))
    (fp_line (start 1.6 -1.25) (end -1.6 -1.25) (layer B.Fab) (width 0.1))
    (fp_line (start -1.6 -1.25) (end -1.6 1.25) (layer B.Fab) (width 0.1))
    (fp_text user %R (at 0 2.25) (layer B.Fab)
      (effects (font (size 1 1) (thickness 0.15)) (justify mirror))
    )
    (pad 2 smd rect (at 2 0) (size 2 2.5) (layers B.Cu B.Paste B.Mask)
      (net 10 GND))
    (pad 1 smd rect (at -2 0) (size 2 2.5) (layers B.Cu B.Paste B.Mask)
      (net 11 "Net-(C6-Pad1)"))
    (model Capacitors_SMD.3dshapes/C_1210.wrl
      (at (xyz 0 0 0))
      (scale (xyz 1 1 1))
      (rotate (xyz 0 0 0))
    )
  )

  (module Capacitors_SMD:C_1210_HandSoldering (layer B.Cu) (tedit 58AA84FB) (tstamp 60038986)
    (at 35.175001 246.459999)
    (descr "Capacitor SMD 1210, hand soldering")
    (tags "capacitor 1210")
    (path /61006C9F)
    (attr smd)
    (fp_text reference C7 (at 0 2.25) (layer B.SilkS)
      (effects (font (size 1 1) (thickness 0.15)) (justify mirror))
    )
    (fp_text value 0.0015uF (at 0 -2.5) (layer B.Fab)
      (effects (font (size 1 1) (thickness 0.15)) (justify mirror))
    )
    (fp_line (start 3.25 -1.5) (end -3.25 -1.5) (layer B.CrtYd) (width 0.05))
    (fp_line (start 3.25 -1.5) (end 3.25 1.5) (layer B.CrtYd) (width 0.05))
    (fp_line (start -3.25 1.5) (end -3.25 -1.5) (layer B.CrtYd) (width 0.05))
    (fp_line (start -3.25 1.5) (end 3.25 1.5) (layer B.CrtYd) (width 0.05))
    (fp_line (start -1 -1.48) (end 1 -1.48) (layer B.SilkS) (width 0.12))
    (fp_line (start 1 1.48) (end -1 1.48) (layer B.SilkS) (width 0.12))
    (fp_line (start -1.6 1.25) (end 1.6 1.25) (layer B.Fab) (width 0.1))
    (fp_line (start 1.6 1.25) (end 1.6 -1.25) (layer B.Fab) (width 0.1))
    (fp_line (start 1.6 -1.25) (end -1.6 -1.25) (layer B.Fab) (width 0.1))
    (fp_line (start -1.6 -1.25) (end -1.6 1.25) (layer B.Fab) (width 0.1))
    (fp_text user %R (at 0 2.25) (layer B.Fab)
      (effects (font (size 1 1) (thickness 0.15)) (justify mirror))
    )
    (pad 2 smd rect (at 2 0) (size 2 2.5) (layers B.Cu B.Paste B.Mask)
      (net 10 GND))
    (pad 1 smd rect (at -2 0) (size 2 2.5) (layers B.Cu B.Paste B.Mask)
      (net 12 "Net-(C7-Pad1)"))
    (model Capacitors_SMD.3dshapes/C_1210.wrl
      (at (xyz 0 0 0))
      (scale (xyz 1 1 1))
      (rotate (xyz 0 0 0))
    )
  )

  (module Capacitors_SMD:C_1210_HandSoldering (layer B.Cu) (tedit 58AA84FB) (tstamp 60038997)
    (at 7.475001 225.709999)
    (descr "Capacitor SMD 1210, hand soldering")
    (tags "capacitor 1210")
    (path /6292A826)
    (attr smd)
    (fp_text reference C8 (at 0 2.25) (layer B.SilkS)
      (effects (font (size 1 1) (thickness 0.15)) (justify mirror))
    )
    (fp_text value 820pF (at 0 -2.5) (layer B.Fab)
      (effects (font (size 1 1) (thickness 0.15)) (justify mirror))
    )
    (fp_line (start -1.6 -1.25) (end -1.6 1.25) (layer B.Fab) (width 0.1))
    (fp_line (start 1.6 -1.25) (end -1.6 -1.25) (layer B.Fab) (width 0.1))
    (fp_line (start 1.6 1.25) (end 1.6 -1.25) (layer B.Fab) (width 0.1))
    (fp_line (start -1.6 1.25) (end 1.6 1.25) (layer B.Fab) (width 0.1))
    (fp_line (start 1 1.48) (end -1 1.48) (layer B.SilkS) (width 0.12))
    (fp_line (start -1 -1.48) (end 1 -1.48) (layer B.SilkS) (width 0.12))
    (fp_line (start -3.25 1.5) (end 3.25 1.5) (layer B.CrtYd) (width 0.05))
    (fp_line (start -3.25 1.5) (end -3.25 -1.5) (layer B.CrtYd) (width 0.05))
    (fp_line (start 3.25 -1.5) (end 3.25 1.5) (layer B.CrtYd) (width 0.05))
    (fp_line (start 3.25 -1.5) (end -3.25 -1.5) (layer B.CrtYd) (width 0.05))
    (fp_text user %R (at 0 2.25) (layer B.Fab)
      (effects (font (size 1 1) (thickness 0.15)) (justify mirror))
    )
    (pad 1 smd rect (at -2 0) (size 2 2.5) (layers B.Cu B.Paste B.Mask)
      (net 13 "Net-(C8-Pad1)"))
    (pad 2 smd rect (at 2 0) (size 2 2.5) (layers B.Cu B.Paste B.Mask)
      (net 8 "Net-(C5-Pad2)"))
    (model Capacitors_SMD.3dshapes/C_1210.wrl
      (at (xyz 0 0 0))
      (scale (xyz 1 1 1))
      (rotate (xyz 0 0 0))
    )
  )

  (module Capacitors_SMD:C_1210_HandSoldering (layer B.Cu) (tedit 58AA84FB) (tstamp 600389A8)
    (at 51.175001 248.859999)
    (descr "Capacitor SMD 1210, hand soldering")
    (tags "capacitor 1210")
    (path /6292A830)
    (attr smd)
    (fp_text reference C9 (at 0 2.25) (layer B.SilkS)
      (effects (font (size 1 1) (thickness 0.15)) (justify mirror))
    )
    (fp_text value 0.01uF (at 0 -2.5) (layer B.Fab)
      (effects (font (size 1 1) (thickness 0.15)) (justify mirror))
    )
    (fp_line (start 3.25 -1.5) (end -3.25 -1.5) (layer B.CrtYd) (width 0.05))
    (fp_line (start 3.25 -1.5) (end 3.25 1.5) (layer B.CrtYd) (width 0.05))
    (fp_line (start -3.25 1.5) (end -3.25 -1.5) (layer B.CrtYd) (width 0.05))
    (fp_line (start -3.25 1.5) (end 3.25 1.5) (layer B.CrtYd) (width 0.05))
    (fp_line (start -1 -1.48) (end 1 -1.48) (layer B.SilkS) (width 0.12))
    (fp_line (start 1 1.48) (end -1 1.48) (layer B.SilkS) (width 0.12))
    (fp_line (start -1.6 1.25) (end 1.6 1.25) (layer B.Fab) (width 0.1))
    (fp_line (start 1.6 1.25) (end 1.6 -1.25) (layer B.Fab) (width 0.1))
    (fp_line (start 1.6 -1.25) (end -1.6 -1.25) (layer B.Fab) (width 0.1))
    (fp_line (start -1.6 -1.25) (end -1.6 1.25) (layer B.Fab) (width 0.1))
    (fp_text user %R (at 0 2.25) (layer B.Fab)
      (effects (font (size 1 1) (thickness 0.15)) (justify mirror))
    )
    (pad 2 smd rect (at 2 0) (size 2 2.5) (layers B.Cu B.Paste B.Mask)
      (net 4 "Net-(C15-Pad2)"))
    (pad 1 smd rect (at -2 0) (size 2 2.5) (layers B.Cu B.Paste B.Mask)
      (net 14 "Net-(C9-Pad1)"))
    (model Capacitors_SMD.3dshapes/C_1210.wrl
      (at (xyz 0 0 0))
      (scale (xyz 1 1 1))
      (rotate (xyz 0 0 0))
    )
  )

  (module Capacitors_SMD:C_1210_HandSoldering (layer B.Cu) (tedit 58AA84FB) (tstamp 600389B9)
    (at 21.675001 215.769999)
    (descr "Capacitor SMD 1210, hand soldering")
    (tags "capacitor 1210")
    (path /613726D8)
    (attr smd)
    (fp_text reference C10 (at 0 2.25) (layer B.SilkS)
      (effects (font (size 1 1) (thickness 0.15)) (justify mirror))
    )
    (fp_text value 22uF (at 0 -2.5) (layer B.Fab)
      (effects (font (size 1 1) (thickness 0.15)) (justify mirror))
    )
    (fp_line (start -1.6 -1.25) (end -1.6 1.25) (layer B.Fab) (width 0.1))
    (fp_line (start 1.6 -1.25) (end -1.6 -1.25) (layer B.Fab) (width 0.1))
    (fp_line (start 1.6 1.25) (end 1.6 -1.25) (layer B.Fab) (width 0.1))
    (fp_line (start -1.6 1.25) (end 1.6 1.25) (layer B.Fab) (width 0.1))
    (fp_line (start 1 1.48) (end -1 1.48) (layer B.SilkS) (width 0.12))
    (fp_line (start -1 -1.48) (end 1 -1.48) (layer B.SilkS) (width 0.12))
    (fp_line (start -3.25 1.5) (end 3.25 1.5) (layer B.CrtYd) (width 0.05))
    (fp_line (start -3.25 1.5) (end -3.25 -1.5) (layer B.CrtYd) (width 0.05))
    (fp_line (start 3.25 -1.5) (end 3.25 1.5) (layer B.CrtYd) (width 0.05))
    (fp_line (start 3.25 -1.5) (end -3.25 -1.5) (layer B.CrtYd) (width 0.05))
    (fp_text user %R (at 0 2.25) (layer B.Fab)
      (effects (font (size 1 1) (thickness 0.15)) (justify mirror))
    )
    (pad 1 smd rect (at -2 0) (size 2 2.5) (layers B.Cu B.Paste B.Mask)
      (net 7 "Net-(C10-Pad1)"))
    (pad 2 smd rect (at 2 0) (size 2 2.5) (layers B.Cu B.Paste B.Mask)
      (net 15 "Net-(C10-Pad2)"))
    (model Capacitors_SMD.3dshapes/C_1210.wrl
      (at (xyz 0 0 0))
      (scale (xyz 1 1 1))
      (rotate (xyz 0 0 0))
    )
  )

  (module Capacitors_SMD:C_1210_HandSoldering (layer B.Cu) (tedit 58AA84FB) (tstamp 600389CA)
    (at 26.125001 238.359999)
    (descr "Capacitor SMD 1210, hand soldering")
    (tags "capacitor 1210")
    (path /6296659D)
    (attr smd)
    (fp_text reference C11 (at 0 2.25) (layer B.SilkS)
      (effects (font (size 1 1) (thickness 0.15)) (justify mirror))
    )
    (fp_text value 0.0047uF (at 0 -2.5) (layer B.Fab)
      (effects (font (size 1 1) (thickness 0.15)) (justify mirror))
    )
    (fp_line (start 3.25 -1.5) (end -3.25 -1.5) (layer B.CrtYd) (width 0.05))
    (fp_line (start 3.25 -1.5) (end 3.25 1.5) (layer B.CrtYd) (width 0.05))
    (fp_line (start -3.25 1.5) (end -3.25 -1.5) (layer B.CrtYd) (width 0.05))
    (fp_line (start -3.25 1.5) (end 3.25 1.5) (layer B.CrtYd) (width 0.05))
    (fp_line (start -1 -1.48) (end 1 -1.48) (layer B.SilkS) (width 0.12))
    (fp_line (start 1 1.48) (end -1 1.48) (layer B.SilkS) (width 0.12))
    (fp_line (start -1.6 1.25) (end 1.6 1.25) (layer B.Fab) (width 0.1))
    (fp_line (start 1.6 1.25) (end 1.6 -1.25) (layer B.Fab) (width 0.1))
    (fp_line (start 1.6 -1.25) (end -1.6 -1.25) (layer B.Fab) (width 0.1))
    (fp_line (start -1.6 -1.25) (end -1.6 1.25) (layer B.Fab) (width 0.1))
    (fp_text user %R (at 0 2.25) (layer B.Fab)
      (effects (font (size 1 1) (thickness 0.15)) (justify mirror))
    )
    (pad 2 smd rect (at 2 0) (size 2 2.5) (layers B.Cu B.Paste B.Mask)
      (net 16 "Net-(C11-Pad2)"))
    (pad 1 smd rect (at -2 0) (size 2 2.5) (layers B.Cu B.Paste B.Mask)
      (net 17 "Net-(C11-Pad1)"))
    (model Capacitors_SMD.3dshapes/C_1210.wrl
      (at (xyz 0 0 0))
      (scale (xyz 1 1 1))
      (rotate (xyz 0 0 0))
    )
  )

  (module Capacitors_SMD:C_1210_HandSoldering (layer B.Cu) (tedit 58AA84FB) (tstamp 600389DB)
    (at 86.425001 277.829999)
    (descr "Capacitor SMD 1210, hand soldering")
    (tags "capacitor 1210")
    (path /6183C325)
    (attr smd)
    (fp_text reference C12 (at 0 2.25) (layer B.SilkS)
      (effects (font (size 1 1) (thickness 0.15)) (justify mirror))
    )
    (fp_text value 0.047uF (at 0 -2.5) (layer B.Fab)
      (effects (font (size 1 1) (thickness 0.15)) (justify mirror))
    )
    (fp_line (start -1.6 -1.25) (end -1.6 1.25) (layer B.Fab) (width 0.1))
    (fp_line (start 1.6 -1.25) (end -1.6 -1.25) (layer B.Fab) (width 0.1))
    (fp_line (start 1.6 1.25) (end 1.6 -1.25) (layer B.Fab) (width 0.1))
    (fp_line (start -1.6 1.25) (end 1.6 1.25) (layer B.Fab) (width 0.1))
    (fp_line (start 1 1.48) (end -1 1.48) (layer B.SilkS) (width 0.12))
    (fp_line (start -1 -1.48) (end 1 -1.48) (layer B.SilkS) (width 0.12))
    (fp_line (start -3.25 1.5) (end 3.25 1.5) (layer B.CrtYd) (width 0.05))
    (fp_line (start -3.25 1.5) (end -3.25 -1.5) (layer B.CrtYd) (width 0.05))
    (fp_line (start 3.25 -1.5) (end 3.25 1.5) (layer B.CrtYd) (width 0.05))
    (fp_line (start 3.25 -1.5) (end -3.25 -1.5) (layer B.CrtYd) (width 0.05))
    (fp_text user %R (at 0 2.25) (layer B.Fab)
      (effects (font (size 1 1) (thickness 0.15)) (justify mirror))
    )
    (pad 1 smd rect (at -2 0) (size 2 2.5) (layers B.Cu B.Paste B.Mask)
      (net 18 "Net-(C12-Pad1)"))
    (pad 2 smd rect (at 2 0) (size 2 2.5) (layers B.Cu B.Paste B.Mask)
      (net 19 "Net-(C12-Pad2)"))
    (model Capacitors_SMD.3dshapes/C_1210.wrl
      (at (xyz 0 0 0))
      (scale (xyz 1 1 1))
      (rotate (xyz 0 0 0))
    )
  )

  (module Capacitors_SMD:C_1210_HandSoldering (layer B.Cu) (tedit 58AA84FB) (tstamp 600389EC)
    (at 103.925001 294.559999)
    (descr "Capacitor SMD 1210, hand soldering")
    (tags "capacitor 1210")
    (path /629678B5)
    (attr smd)
    (fp_text reference C13 (at 0 2.25) (layer B.SilkS)
      (effects (font (size 1 1) (thickness 0.15)) (justify mirror))
    )
    (fp_text value 820pF (at 0 -2.5) (layer B.Fab)
      (effects (font (size 1 1) (thickness 0.15)) (justify mirror))
    )
    (fp_line (start -1.6 -1.25) (end -1.6 1.25) (layer B.Fab) (width 0.1))
    (fp_line (start 1.6 -1.25) (end -1.6 -1.25) (layer B.Fab) (width 0.1))
    (fp_line (start 1.6 1.25) (end 1.6 -1.25) (layer B.Fab) (width 0.1))
    (fp_line (start -1.6 1.25) (end 1.6 1.25) (layer B.Fab) (width 0.1))
    (fp_line (start 1 1.48) (end -1 1.48) (layer B.SilkS) (width 0.12))
    (fp_line (start -1 -1.48) (end 1 -1.48) (layer B.SilkS) (width 0.12))
    (fp_line (start -3.25 1.5) (end 3.25 1.5) (layer B.CrtYd) (width 0.05))
    (fp_line (start -3.25 1.5) (end -3.25 -1.5) (layer B.CrtYd) (width 0.05))
    (fp_line (start 3.25 -1.5) (end 3.25 1.5) (layer B.CrtYd) (width 0.05))
    (fp_line (start 3.25 -1.5) (end -3.25 -1.5) (layer B.CrtYd) (width 0.05))
    (fp_text user %R (at 0 2.25) (layer B.Fab)
      (effects (font (size 1 1) (thickness 0.15)) (justify mirror))
    )
    (pad 1 smd rect (at -2 0) (size 2 2.5) (layers B.Cu B.Paste B.Mask)
      (net 20 "Net-(C13-Pad1)"))
    (pad 2 smd rect (at 2 0) (size 2 2.5) (layers B.Cu B.Paste B.Mask)
      (net 16 "Net-(C11-Pad2)"))
    (model Capacitors_SMD.3dshapes/C_1210.wrl
      (at (xyz 0 0 0))
      (scale (xyz 1 1 1))
      (rotate (xyz 0 0 0))
    )
  )

  (module Capacitors_SMD:C_1210_HandSoldering (layer B.Cu) (tedit 58AA84FB) (tstamp 600389FD)
    (at 86.425001 281.909999)
    (descr "Capacitor SMD 1210, hand soldering")
    (tags "capacitor 1210")
    (path /6183C678)
    (attr smd)
    (fp_text reference C14 (at 0 2.25) (layer B.SilkS)
      (effects (font (size 1 1) (thickness 0.15)) (justify mirror))
    )
    (fp_text value 0.01uF (at 0 -2.5) (layer B.Fab)
      (effects (font (size 1 1) (thickness 0.15)) (justify mirror))
    )
    (fp_line (start 3.25 -1.5) (end -3.25 -1.5) (layer B.CrtYd) (width 0.05))
    (fp_line (start 3.25 -1.5) (end 3.25 1.5) (layer B.CrtYd) (width 0.05))
    (fp_line (start -3.25 1.5) (end -3.25 -1.5) (layer B.CrtYd) (width 0.05))
    (fp_line (start -3.25 1.5) (end 3.25 1.5) (layer B.CrtYd) (width 0.05))
    (fp_line (start -1 -1.48) (end 1 -1.48) (layer B.SilkS) (width 0.12))
    (fp_line (start 1 1.48) (end -1 1.48) (layer B.SilkS) (width 0.12))
    (fp_line (start -1.6 1.25) (end 1.6 1.25) (layer B.Fab) (width 0.1))
    (fp_line (start 1.6 1.25) (end 1.6 -1.25) (layer B.Fab) (width 0.1))
    (fp_line (start 1.6 -1.25) (end -1.6 -1.25) (layer B.Fab) (width 0.1))
    (fp_line (start -1.6 -1.25) (end -1.6 1.25) (layer B.Fab) (width 0.1))
    (fp_text user %R (at 0 2.25) (layer B.Fab)
      (effects (font (size 1 1) (thickness 0.15)) (justify mirror))
    )
    (pad 2 smd rect (at 2 0) (size 2 2.5) (layers B.Cu B.Paste B.Mask)
      (net 19 "Net-(C12-Pad2)"))
    (pad 1 smd rect (at -2 0) (size 2 2.5) (layers B.Cu B.Paste B.Mask)
      (net 21 "Net-(C14-Pad1)"))
    (model Capacitors_SMD.3dshapes/C_1210.wrl
      (at (xyz 0 0 0))
      (scale (xyz 1 1 1))
      (rotate (xyz 0 0 0))
    )
  )

  (module Capacitors_SMD:C_1210_HandSoldering (layer B.Cu) (tedit 58AA84FB) (tstamp 60038A0E)
    (at 73.475001 269.669999)
    (descr "Capacitor SMD 1210, hand soldering")
    (tags "capacitor 1210")
    (path /629678BF)
    (attr smd)
    (fp_text reference C15 (at 0 2.25) (layer B.SilkS)
      (effects (font (size 1 1) (thickness 0.15)) (justify mirror))
    )
    (fp_text value 0.0047uF (at 0 -2.5) (layer B.Fab)
      (effects (font (size 1 1) (thickness 0.15)) (justify mirror))
    )
    (fp_line (start 3.25 -1.5) (end -3.25 -1.5) (layer B.CrtYd) (width 0.05))
    (fp_line (start 3.25 -1.5) (end 3.25 1.5) (layer B.CrtYd) (width 0.05))
    (fp_line (start -3.25 1.5) (end -3.25 -1.5) (layer B.CrtYd) (width 0.05))
    (fp_line (start -3.25 1.5) (end 3.25 1.5) (layer B.CrtYd) (width 0.05))
    (fp_line (start -1 -1.48) (end 1 -1.48) (layer B.SilkS) (width 0.12))
    (fp_line (start 1 1.48) (end -1 1.48) (layer B.SilkS) (width 0.12))
    (fp_line (start -1.6 1.25) (end 1.6 1.25) (layer B.Fab) (width 0.1))
    (fp_line (start 1.6 1.25) (end 1.6 -1.25) (layer B.Fab) (width 0.1))
    (fp_line (start 1.6 -1.25) (end -1.6 -1.25) (layer B.Fab) (width 0.1))
    (fp_line (start -1.6 -1.25) (end -1.6 1.25) (layer B.Fab) (width 0.1))
    (fp_text user %R (at 0 2.25) (layer B.Fab)
      (effects (font (size 1 1) (thickness 0.15)) (justify mirror))
    )
    (pad 2 smd rect (at 2 0) (size 2 2.5) (layers B.Cu B.Paste B.Mask)
      (net 4 "Net-(C15-Pad2)"))
    (pad 1 smd rect (at -2 0) (size 2 2.5) (layers B.Cu B.Paste B.Mask)
      (net 22 "Net-(C15-Pad1)"))
    (model Capacitors_SMD.3dshapes/C_1210.wrl
      (at (xyz 0 0 0))
      (scale (xyz 1 1 1))
      (rotate (xyz 0 0 0))
    )
  )

  (module Capacitors_SMD:C_1210_HandSoldering (layer B.Cu) (tedit 58AA84FB) (tstamp 60038A1F)
    (at 22.575001 219.849999)
    (descr "Capacitor SMD 1210, hand soldering")
    (tags "capacitor 1210")
    (path /6183CBE3)
    (attr smd)
    (fp_text reference C16 (at 0 2.25) (layer B.SilkS)
      (effects (font (size 1 1) (thickness 0.15)) (justify mirror))
    )
    (fp_text value 0.047uF (at 0 -2.5) (layer B.Fab)
      (effects (font (size 1 1) (thickness 0.15)) (justify mirror))
    )
    (fp_line (start -1.6 -1.25) (end -1.6 1.25) (layer B.Fab) (width 0.1))
    (fp_line (start 1.6 -1.25) (end -1.6 -1.25) (layer B.Fab) (width 0.1))
    (fp_line (start 1.6 1.25) (end 1.6 -1.25) (layer B.Fab) (width 0.1))
    (fp_line (start -1.6 1.25) (end 1.6 1.25) (layer B.Fab) (width 0.1))
    (fp_line (start 1 1.48) (end -1 1.48) (layer B.SilkS) (width 0.12))
    (fp_line (start -1 -1.48) (end 1 -1.48) (layer B.SilkS) (width 0.12))
    (fp_line (start -3.25 1.5) (end 3.25 1.5) (layer B.CrtYd) (width 0.05))
    (fp_line (start -3.25 1.5) (end -3.25 -1.5) (layer B.CrtYd) (width 0.05))
    (fp_line (start 3.25 -1.5) (end 3.25 1.5) (layer B.CrtYd) (width 0.05))
    (fp_line (start 3.25 -1.5) (end -3.25 -1.5) (layer B.CrtYd) (width 0.05))
    (fp_text user %R (at 0 2.25) (layer B.Fab)
      (effects (font (size 1 1) (thickness 0.15)) (justify mirror))
    )
    (pad 1 smd rect (at -2 0) (size 2 2.5) (layers B.Cu B.Paste B.Mask)
      (net 23 "Net-(C16-Pad1)"))
    (pad 2 smd rect (at 2 0) (size 2 2.5) (layers B.Cu B.Paste B.Mask)
      (net 2 "Net-(C16-Pad2)"))
    (model Capacitors_SMD.3dshapes/C_1210.wrl
      (at (xyz 0 0 0))
      (scale (xyz 1 1 1))
      (rotate (xyz 0 0 0))
    )
  )

  (module Capacitors_SMD:C_1210_HandSoldering (layer B.Cu) (tedit 58AA84FB) (tstamp 60038A30)
    (at 32.775001 230.139999)
    (descr "Capacitor SMD 1210, hand soldering")
    (tags "capacitor 1210")
    (path /61C508EC)
    (attr smd)
    (fp_text reference C17 (at 0 2.25) (layer B.SilkS)
      (effects (font (size 1 1) (thickness 0.15)) (justify mirror))
    )
    (fp_text value 0.022uF (at 0 -2.5) (layer B.Fab)
      (effects (font (size 1 1) (thickness 0.15)) (justify mirror))
    )
    (fp_line (start -1.6 -1.25) (end -1.6 1.25) (layer B.Fab) (width 0.1))
    (fp_line (start 1.6 -1.25) (end -1.6 -1.25) (layer B.Fab) (width 0.1))
    (fp_line (start 1.6 1.25) (end 1.6 -1.25) (layer B.Fab) (width 0.1))
    (fp_line (start -1.6 1.25) (end 1.6 1.25) (layer B.Fab) (width 0.1))
    (fp_line (start 1 1.48) (end -1 1.48) (layer B.SilkS) (width 0.12))
    (fp_line (start -1 -1.48) (end 1 -1.48) (layer B.SilkS) (width 0.12))
    (fp_line (start -3.25 1.5) (end 3.25 1.5) (layer B.CrtYd) (width 0.05))
    (fp_line (start -3.25 1.5) (end -3.25 -1.5) (layer B.CrtYd) (width 0.05))
    (fp_line (start 3.25 -1.5) (end 3.25 1.5) (layer B.CrtYd) (width 0.05))
    (fp_line (start 3.25 -1.5) (end -3.25 -1.5) (layer B.CrtYd) (width 0.05))
    (fp_text user %R (at 0 2.25) (layer B.Fab)
      (effects (font (size 1 1) (thickness 0.15)) (justify mirror))
    )
    (pad 1 smd rect (at -2 0) (size 2 2.5) (layers B.Cu B.Paste B.Mask)
      (net 24 "Net-(C17-Pad1)"))
    (pad 2 smd rect (at 2 0) (size 2 2.5) (layers B.Cu B.Paste B.Mask)
      (net 25 "Net-(C17-Pad2)"))
    (model Capacitors_SMD.3dshapes/C_1210.wrl
      (at (xyz 0 0 0))
      (scale (xyz 1 1 1))
      (rotate (xyz 0 0 0))
    )
  )

  (module Capacitors_SMD:C_1210_HandSoldering (layer B.Cu) (tedit 58AA84FB) (tstamp 60038A41)
    (at 66.275001 261.099999)
    (descr "Capacitor SMD 1210, hand soldering")
    (tags "capacitor 1210")
    (path /629A1DE4)
    (attr smd)
    (fp_text reference C18 (at 0 2.25) (layer B.SilkS)
      (effects (font (size 1 1) (thickness 0.15)) (justify mirror))
    )
    (fp_text value 0.0047uF (at 0 -2.5) (layer B.Fab)
      (effects (font (size 1 1) (thickness 0.15)) (justify mirror))
    )
    (fp_line (start -1.6 -1.25) (end -1.6 1.25) (layer B.Fab) (width 0.1))
    (fp_line (start 1.6 -1.25) (end -1.6 -1.25) (layer B.Fab) (width 0.1))
    (fp_line (start 1.6 1.25) (end 1.6 -1.25) (layer B.Fab) (width 0.1))
    (fp_line (start -1.6 1.25) (end 1.6 1.25) (layer B.Fab) (width 0.1))
    (fp_line (start 1 1.48) (end -1 1.48) (layer B.SilkS) (width 0.12))
